10000110110110110001101111101100010111110101010011101111001001111110101111111000001111101110011111111101111100111011001100100011110011101011111111110110101001111111100110100101111101000101010011100011111111011001001011011111011111101110110010000010001101111011100011010111110110001111110111111010110110000011110100001101010110111001111101010111010110010110111000011010101111100001010010010101001111011110110010101000100011110011001101100001000111111011010011110001011010111100111010110111011111011110011101100111
10000101110110011001111111011100001110010101010001110011110010101111100111101110101111101010111111111100111111011111100100111111101111110011110111111000111000011011111011010111111111010111011110100010111111111111001011111111001111110111110011100110101011111011100011111011111101111111101101101010100100010011111110111111100110101001011111101001111110010111111011010010101011100110011101111101011011111111010100101001111011011001011111100110010011111010011011111011010010101010111010110011001010011011110111101111
00011101111010011101100111001000111101010001001001100011100000111010111100101100001011111101101111110100111101110001100111010110110101100011010010111100101101111001100011011111100011010011110111001111110111101101101101101001011001111010011010010101111110001001110111010111101010110111011101111110011001011010111001100111010010110100111101011011111010110011101010011110011111101110001110010111111101111010111100100001111011110100111110111110101010110010110111000011011110001011100110010101100000010011011100111111
11011101011100101011100101101000111100111100101000100011101000001110101111101100011111110000101001010110111110010000101100011010101010101111111011011111000111101010101010011111010011111011101111010001010111000111000001111010011001110101011010001101110101010001110111110110001011010111011001100010000110011010010010101010001110011000110101111001111010111011100000011000101100111101101111010111011000111010111101001100011110100001100001001111011000111101001101111101000010101100100101101111011101011011111110101111
01101101110001111001100001000110111101101001100001100010110101101010111001111111001011100111100101000101111010011011111101010000001100111111011000011100111101001111100010011111110100111011111011011011010111001101001110010010110001010101001101100100110001010000110111101010001111100110001000101111110100010001111110000100011010111001101100110011111010001011010001011100111111111110101011010101011000011101101011110001101011111011000000111001100110011000000111100001010000101100011101101101101111111011011110010110
01110101010010100001110101110110111001011101100101100111110110001000000011101000101111110010001111110101110111111111100001110001110111010010011111111111101100110101101011011100110001100110101001101111100011100011110000111010011100101001110111011110001001101110110100110011111001111010101101111110000100010000111110111011101000010101010100101110000111011001010011111100001111101100001111000100011101000001010010010011100001111011100011100110011001000101001101111101101010101001111101110011111101011100100010111111
11011001101101000101110001111100111111110101001101011110110111001111110100111011011011111000001101010111000110111111111101101111100110100010011111111011110010010011010000111011110001110001111100111101111111010011101111110101001101101110110101111110111111001100100000110111100010110010101111101011110000110101111001001111011110011111110111110111110111010110111111111110111101101110011101101010111111111111011011011111111101111110100011111111000111110110001111101111111111110000100010110001100101110010000000011111
11111101111101110101100001110101111100010101100011001000101100101110110110111100011011111010111001100101001001111101100111100110000101010111111111011111110010010111111011111110111111101100111110101011101011101110111100110111011101010010010110111110011111001001110101110111110010010111111110011011111101000011011000101110111010111101110111101100011111111110111011101100110100000110111110010011000101110111100001010011110001101101111011101110100111111111001001100010001111011000000100001000011101110010001110001010
11111111100010010101110000001000001011101100101001100011111001010000001101111111001101011111110001110101101111111111001001011000100101000011110011011010010000101001001010101111001000011110101101110101000111111111010111100100110111101001010110010001101111001111110111111000000000100010101001001010010111010111010110110001111000001000100101100110001100100110010011001101011101100111001100100101000001001001011101001001101101010011111101111010111100111010010011001110111001001001110010101100010010111100000100101100
01101101010110011010100010101111111111111001101110011011011010110011110010101101000111111110011010010100001110110011001000101000110111001111001011010000011100100111111111110111001000000100010110110010101011011110101011010000011001101100110011111100111000001111110110110111100011010110101100010011101010100111111010100111111110011011101101111000001011100101110000011110101101111001011111100110101010001010101011110110100000110111111110110100110111011100001010000111110110100000101111110111111101101011111010010110
10011100100011111001100100111000010111110101110001001110110010101001111010001110000111011010111001010100001010101101111101101110101111111101001101111101010110000010100110110010110011111111100011010011101111011111011000101110001110010110110111001110011100111110111011110101100001100001111010100111100010110111010111100111010110110111110100110111110111110111011011011000111110111110010101010110011001111100101100000110011001110111001001101101011010101010110110111111001000111010110011101011011111111000000111101111
11111111101110011011110011000110111011010101100111011111100001011111101101110100101111100110001011000110101001111111110101011101110101110010011011110000110011011000111010100011111110101101111100110010001011110101000111101110111110011110011110001101001101111111110110110101110011100110110111101011011011000010011010111101110000101001010100110111100111011101111011010100110111100001000100100111111010101110111111001000111001110111011110001000111111111111010010001111001100011101111110110111100101111001000011110010
11111110110100110011110001101000011001111001110011100011111010011000101011010100011111111110000100110110101110111011110000101111111111101011111001001011110110111111100001011111011111100100110011111100011111010010111101000000101110001100111011110100011001111111101010111010100011110110101110101011001111010110001000111111111110001010111101010001111111011111111110111100111101110110010001110010010100111110110111100101010111111111111100000000101011010110011011011101110110101001111010111101001111111110000100110000
01111111100101100001111111111101001011001001111101001011111100011110100111111000100111111111011101011111001111111111011111111111101111101110011001001011000101010011111111101111111111110110110011111111011011010010111011101000111111011101111011111100001010111100111110111101110010110010101010100001001110000111110110101111111111011011110101011011110111101111010111100101111101111111111101111011011110111011101110111111010011111110110010110110011111011100110011010101111101101000110110111110100111111000011111010100
10011101110110100001101111110101001110010111110011111111011011001110100010111101101111011111111111010111100011011011011100111010100101001111110110111101111101010101111001000101100110110111111011101000011111011101001000111101011010101110100010000111111101100111101110110101111010111000111101111101110010010000011111111110100110111010111111011011111111010011100011100101111001101000111100111110100111001110001110110111111111110110010001111011101100110100110011111011111110111001111001110000101001001010001111001011
00111101111001010100111001101011101011111101101011001011111110000000001010100010011111110111110010110110110111111100101100111010111000100010100011001011111111000110010011101111111100011111100111111001110111011011111111011000011111101000110100110011111101100101110110101011100000000111101111011110010101001111011010011011111110011000110100010110111011110011111011110100111111101110001110110111001001111001110001001101110001110100110100101000001011011111011001111100010011001101110100101101000011111101001110101000
11110101100111010010110000101110101011110100001001000111101010000000101111111011000111010000101001110110101110011111101110111110011100100010011010010011110001111111011010001111011010011111011100101110101111101011011111110010110111001011110110011011100111000111110111110111100001000110101101111001110111010010010010001000111000101000001101011111111100111101101011011111111110110110011101110111110011101110111111011000111011100100011100101011101011011101010001110110000011011111010110101101111110110111000101111110
01111001111110101001101111010100101011010111010001100111100111101110100011111111101111101011100111110101001111011111100100110111101011100001001111111100101001111011111101011111011001010101011110100010111011101111001011101101011011111100110111000110101110111011101011111101111101111110101101111100111010010011111111101110100110101011001111001011110110110011111001100010101011100110011101111111011111101110010011010101111011011011001101111011100011111010111011111001011000101010111011110101101010111011001111001111
11110011110111110001100111111110111111010111010011011111110110101100110111001011000111100010111111110111101101011111100100110111110011111101110111110110111110010001111011101101101110011111010010101011110011111011101111110011111111110111101011010011111001110010101111110011101101110010010111101111110010000011111010101101100110101001001010001111110100010101110000010110100110110001011110110101101001110110011001101000101011101111101101111110100011101110011011110011011010101110111010110101101111001001111111110100
11111100011101011111101001101000000111011001101000000011111011000000001100111011001101010011011000110110110111111110111101111010101100000011001011011011010010000110010110101111001000011001101100110001100111111111101111010010011111101010110110010001101101001100110110000100100000000011111011111011001101011010011111111110111100001000110101111010011000110001011010000101111101110111000111000101001011111101011111001000011011110101111101101011001010111111011011000100000111001100110110101101110011111100100110111110
10011101111100010011110001101001111100110001001011100011001010001010111101111011101111010011001101110100010100101101010111010110111101100110011011111110100001111001010111111111001011010111110101011111110011101101100001011100010001111110111000010111111101010001101111111111100011100011110111110010001111011111011110100111001110111011111101011011000111110011011010000101110011101111001101101111011101111010111110000010111101100100011100001110111100110010000111100111010010100001100111001011000110000011100010111111
