00101000101010101101011111101100101001100010010001101101010001101011110101011100000110010111111000000111001010001110111111110101110001010011001000100110010001110000101100101000111010010100010010000001000110011100001111010110001000110111000110101001100010010100010100011010000000110100011101010111010100100011011111100100101000110000000001101111010111111111011100110011001100011101100011110100111010100100111111111100101101011011110100111100000110000110010011100011111110110101000111001110111001000111010110101111
00101000101110111101011111101100001001100010010000111101100001101011110111011101010110010111111000010111001110001110111111110101110001010011001000100110011001110000101100101100011010110100010011000011000110011100101111010110001000110111000100001001100010010100010100011010010000110100011101010111010100101010011111001110111000110000000001101011010111111111011101110011101101011101100011110111111010101100011110111100101101011111110110111100000010011110110101100011011110010101000111001100101001000111010110101111
00101000101110101101011111111100001001100010010000111101100001101011110111011101000110010111111000110111001110001110111111110101110001010011001000100110010001110000111100101100011010110100010011000011000111011100101111010110001000110111000110101001100010010100010100011010011000110100011101010111010100100010011111100110111000110000000001101111010111111110011100110011101101011101100010110111111010101100011110111100101101111110110110111100000110010110110001100011111110110101000101001100111001000111010110101111
00101000101110101101011111101100001001100010010000111101000001101011110111011100010110010111111001000111001110001110101111010101110001010011001000100110011001110010101100101100011010110100010011000011000111011100101111010110001000110111000100101011100010010100010100011010001000100100011101010111010100100010011111100100111000110000010001101111010111111111011100110011101100011001100011110111111110101100011110111100101100011111110100111100000110000110110001100011111110110101000101001110111001000111010110101111
00101000101110101101011100101100001001100010010000111101100001101011110111011100000110010111111000010111001110001110111111010101110001010011001000100110010001110000111100101100011010110100010011000011000010011100001111010110001000110111000100101001100010010100010100011010011000100100011101010111010100100010011111000110111001110000000001101111010111111111011100110011101100011101100011110101111010101100001110111100101101011011110110111100000110000110010011100011111111010101000101001100111001000111010110101111
00101000101110101101011111101100001001100010010001111101000001101011110011011100010110010111111000000111001110001110101111010101110001010011001000100110011001110000101100101000011010110100010011000011000110011100001111010110001000110111000100101001100010010100010100011010010000100100011101010111010100100010011111101110111001110000000001101011010111111111011101110011101100011101100011110111111010101100011110111100101101011111110110111100000110000110010011100011111110110101000111001100111001000111010110101111
00101010101110111101011101101100001001100010010000101101110001101011110111011100010110010111111000110111001010001110111111110101110001010011001000100110011001110001111100101000011010010100010011000011000010011100101111010110001000110111000100101001100010010100010100011010001000100100011101010111010100100011011111101110101000110000000001101111010111111111011101110011001101111101100011110100111010100100011110111100101101011111110110111100000110010110010011100011111110010101000101001100101001000111010110101111
00101000101110111101011110101100001001100010010000111101000001101011110101011101000110010111111000100111001110001110101111010101110001110011001000100110011001110010101100101100011010110100010011000011000110011100101111010110001000110111000110001001100010010100010100011010011000100100011101010111010100100011011111100110111000110000000001101011010111111111010100110011100100011101100011110111111010100100011110111100101100011111110110111100000110100110010011100011111111110101000101001100111001000111000110101111
00101000101110101101011101101100001001100010010000111101100001101011110111011100000110010111111000000111001110001110111111010101110001110011001000100110011001110010101100101100011010110100010011000011000111011100101111010110001000110111000110101001100010010100010100011010010000100100011101010111010100100010011111001110111000110000000001101111010111111111011100110011100100011101100011110111111010101100011110111100101101011111110110111100000110000110110001100011111110110101000101001100101001000111010110101111
00101000101110101101011111101100001001100010010000111101100001101011110111011101001110010111111000000111001110001110111111010101110001010011001000100110010001110000101100101100011010110100010011000011000010011100101111010110001000110111000110101001100010010100010100111010011000100100011101010111010100100010011111100110111000110000000001101111010111111111011101110011100100011111100011110111111010100100001110111100101100011111110110111100000110000110010011100011111111110101000101001100111001000111010110101111
