10011011111101001101110111100001000111101111110111001111001000011111101110111010101111111100101100111101111111111011011000110101101111101001101000001110000111110111111111100001111110111110001001101111110111111100110000010111111111111011000110101111101101111101110110111010100101111111011111101011111111011011110111100110100101110001111001111101110100010010011110111000011111000001101000000110101011110111010110111101011111110110101100010111100010110111110011011100101101111111100111111110001011101101111101011111
00010101110111001101110100101101000010001111111011001111000001010111001110101001001111111101101100010111011111111000011101100101101110101111110100011110010001110111011111101000111111111111101001101101100111101101110010010010101111111011000110011111101101111000110110011101110101111001011110101111111111011110010100000100111101101101011001111100010101010010111110001010111111101001101000101100101111110111010010111100011111100111011101110101100010011111110010011100111101111111101101111110101011111101010101111111
00011001101111100101110111111101100110111111111111111111111000010111001111111000101111111101101101111111111111101110111111110101101111101101011100011111110101111011111111101101111111111111001001111111110111101101110110011110111111101011001110111101101101011101110110111111111101111111011111101011111111011111110111111110111001111101111011111101011100010111110110111100011111101001100011101110111111101101010111111100011111111110111101110111100010110110110111111100111101111111101101111111101011111101111101111111
11111101111111001101111111110101001111011110101001101100111000011111101110011011101011101100001101110111111110101110111101100001001111101101000110001110100101010111111011100101100101110010011000011101000111111111110010110110111010101011101100011111101101101001110111111111110001011010011110100011111011011111110001110100110100100101011001111101101111110100111110000000111010000000101011101001111000101111110001111111011110111101101100110001111010110111110110011000111101111111101111101110111011100111111101011111
01111100011011011101111111110101001111011101100010101100101000011111101111010011101010101100000101110101110110001100111101010001000011101101010111001000110101011111110111101101110101111010011011111111000101111111110110110111111001101011111100010101101100101001110111111101100101110010011110100001111011010101110001110100100101110101011101111101111111010100111110000000111010010000101001100111111100101101010101111101011010111111101110110001101010111111110100011010101111111111101111111111001011000111111001011111
11111101110111011101111111111101001111011111101111101101101000011111001111111011101110111100001101110111111110101100111101110001001111101101010101011110010101111101111111101101111101111110011011111111000111111101110110111111111111111011111110111111101101101101110111111111111101111011111110101011111111011111110011110110101101110101111011111101111100111110111110001100111111000101101111101111111010101101010011111111011110111111111101110101101010111111110110011100111111111111101111111111111011111111111101111111
10011111111011101100110001111110100110000111101110111101101001001111011010011111101100111100001101010101101001111010010101000001000111101100100111000100100101111101111010111101111110110011011100111110000111011000110110111000011110101011111001110001000101100001100101111111101001110011111110101011101100111111110110110111111001110111100000101101101101001101100110001010111010000001101100110100101011111001010111111111111110111100101101111101010010100111110101011110111111011101100111110011111011101011111101111110
10010111111111001101110101110011101100011110101111101111101000011111011010111101101101011100111101010111101011111010010101010001000011001100110101000110000111111101111010101101111110101011010100111110000111001010110000111111111111100011111111111101110000100100100101111111111001101011011110101110111101111111110011000111001001110101111010101100100100111111110110101010011011001001001100101110101010100101010011111111111110111110110101101111001010100110110100110110111111011111100111110111101011111010110101111110
11011111011111001101110111111110101111011111101101111101101001111111001111111011101100111100001101010001101111111110011101010001000111101100110111000110100111111101111111110111111100111011011111111110001111111010110110111111111111100011111111110101100101101101100101111111111001110011111110111011111101111111110111110111111001110111111000101101101101111111110110111011111011011001101101111111101010111101010011111111111110111110111101111101001010110111110100011110101111011111100111111111101011111011111001111110
11010111101011001100111101111010101101110111111001110110000001110111011011111111110000111100011100010001101001111110011111000001001110101101000101000101000101111100111111110101101010111011010110111101101011101010110010111111011110000010011100011101000001100000101101110111100101100011011110111010100001011110111111110001110001110110110000001100111100011111110110011011111001000011111101111111110001110011110011111111101111111101100001101110111010101111110100011110110111010010001111100110101011111011011100011010
10011111111111001101111101011110101111110111000000111110100011111111001111101111100000001100010100010001101100111101011101010101011110101101000101000100001000011100111111010101111010110110010011111101101111101010110011111101011110001010111100011111001101110011100101110111101101100011001110111000100001011010011111110111100001111100110000001101100110011101111110011011110101010101111111110101111010110010110011111111100110111101101111111010111011101111110110011110100111110001100111101110011111111010011100111110
10010111110111011101110111111110101111111111101101101110101001111111011111101111100100101100011111010001101101111110011111010101011111101100010101000111001101111101111111010101111111111010011111111101001011101010110011111111011110101011111100111111001101110101100101111111101001100011011110111110101101011111111111110111101101110110010010001100111110111111111110001011111011011111111101111111111011110011010011111110101111111111110011111111111010101111110110011110110111011011101111111110101111110011011100111110
10011110111011111001110011001110101101000110000111100110001000110111011011010011110010001000111111011101110001110111010101001101010111101101000001100101101100111101111011011111111110000011011111111101110111100010110000111111011000000010111000110111001011010110001100110101110001110001011111110111101001011011111011110111010101110010010010001101101111111100101111011011011011010111111101000111101101110001110111110101100111100101100011100010111010111111100100010110110111010001100111110101111111101011011100111011
11011110111111111001111011001110001101010110001111101110001000110111011011110111110011001100010111011101101011111111010100000001010111101111110101100101101100110101111010010110110110000011011111111100110111101010110010111111011001010110111100110011001011010001000001111011110001000010011111110111101001011011111011110101011101110011100110001101101111011110101111111010111011111011110001000111101101110001110110010101101111100101110011110100101011111111110100010010110111010011100011111101101111000011001100101111
10011111111111111001111111101110101111010010011101111110101000111111011111110111110010001100011011010101111011111111010101011101010111101101110101100100111100011101111111010111111010011011011111111100111111101010110111111111111101001110111110111011001111110100000101110111101001110011111111111111101001011111111111110011011101111111110010001101101111111111101110111011111011111111111101110111111101110001110111111101111111100101110011110011111010111111110100011110110111110011100111110100101111110001011100111011
10010101111111111001011011101111001111001111010100011110011001011111101001110111110010101001011111011101111001010111111101001101110110101101100001101100101001001001101100011110111111000001101111001100110110101011010111111100101111011011010010110111001111001000101100110101110001010011011111101111101000101101111111111111111101110010100010001101101101111111101111111010011011110001111011110111111100110011111111011101101011100101110011110110101100001101110000101111100111010011100110110000110111111011000110001011
10010101101111111011001111101110001110101101010000011111111001001111101111010110110011111101011111000101101001010111110101001101110110101011100101001000101001001001101101111110111011110011001111011100011111001111010011111100100111011001010000111010001101100000111100111111100001110011011011101111101100001101011111111111110000101110110000011101100101111111101110101010111001111101111011110111111101011010011110011101110011100101100011010110101000001011100010101100100111010011110011110000110111111011011110010011
10010111111111111011111111101110001111111111011101111110011001011111111111110111110011111101011111001101111011010111011101001111110111101111110101111101101001101101111101010110111111011011011111111100111111101111110111111111101111011001111110111111001111011000111100110111100011110111011111111111101001001111111111110111111101110110110010011100101111011111101111111010111011111111111011110111111101010011111111011101101111110101110111110110101110111111100110111111110111110011110111111100101111111011001100111011
00010111110111110010111111101010001010101101011111001100110000010011111010100010100010011001111110000101010001000111011101011111110111101011110001011001001101001011110100000010111111000000111101101001100101001111011100111100111111010001011110101111000111001000001100111100100101011110100111110111101001001011111011101111111101110011110010110100001111111111101111101010011111101101111111100101000110010010110111111101100011001101000110010100101110100111111011111111000111010011110011111110010111110011001100101101
10011011100111011010111111101000101101001110011111001010010000111011101011010011110011011101110110000101010011010110011101011111110111101011111001011001110101011011111111011110111100110011111110101001111101011111011110111101111011010001011110001111001111001000001100110101110001110100101111110111101001001111111111110011110101110111000110001100111111111111101111001010011110101011111111100101111101010001110111110101101111100001100110110100111110010011111101011111110110110011100001111110101111110011101100100111
10011111111111111011111111101110001110101111011111001110111000101011111111110011110011001101111111001101011011010111011100011111110111101011111101111101111001111011111111011110111111010011111111111001111111101111111111111101101111011111111110111111001111001000011100111111110011110110101011110111101001001111111111110111111101110111100010011100111111111110101111101010111111111111111011100111111111010011111111111101111111001101100110110110111111111111111111111111100111111011110111111110110111111011101110101111
11011111110111111010111000101111001111101010011100011011111001110001011101111001111011000001110001000101010011011001011100011000010011010011111101110101110111011010110111000011111100010111011111110111101111111101011101110100111011011011111110000011010111001010011100111100110111011011100100001111101001011111001111101011101100100110111010010100101111111100101111111010111111110011011011100110010100011001010111011101111011011001101110110110101011110011101001111111000011000111100111111011000101010011101110101101
11011111111111110000101010101111001111101110011110011110111001010001011101111011111111100001011011001101011001010011011100001000010010110011111101111101101011001010100111001011111110010101111111001111000111101101111101111101100111011011011110011011000011001010011100011100110111011011100000000111101001011111001111110111111100000110101011010101001111011110111111101010111111110011111011100000010101011011011111011000111011011101101010110110101011111011101011111011000011101101010111111011110100001010101110010001
11011111110111111010111111101111001111101110011110011111111000001011011101110011111111110001111001000111011011011111011100011110110011111011111101111100111011011011111111001011111110010110111111111111101111011101111111111101101111011111111110111011000111001000011100111110110111111111101010011111101001011111101111111111111101110111101011010101111111111110111111101010111111110011111011100111010111111011011111011001111111011101100110110110101010111011111111111101110011101111110111111011010111111011101110011111
00010111110111111010010110111111101111101111001110011101110011101011101101101011111111110101011001000110011011011000111110001000010111110011011001100101101111001010110111101010101110010111011110111011101111010110010111111100110111011001011110100001000111011011110100101010110111011110101000001101101101111011110011111100101001100110011000000001011111111110110111111010111110111010111011001111000111101011110011011000110101111011100010111110111010111001111111100110100011101101010111111011010011110011111110010111
01011111110111111010010111101111001110001111001100001001110011101001000101101101111011110101011001000110011001011100110111011110010111110011111101100101101111101010110110101011101110100111111110111111101111010111010111111001110110011101011010101001000111001001111100011110110111011110101110101011101001111011110011111110101001110110101110000001011111111100111111111010111100111010111010101111000111111011111011001000011101111110001010111111111010100011111111101110110111101100110111111011010001110011001111111111
01011111110111111010110111101111001111101111011110011110111011100011111101111101111111110011010101000111011010011110110111011110010111110011111101111101101111101010110110101011001110110111111111111111100111110111011101111101110111011011011110101001000111011011110100111110110111011111101000101101101101111111111011101110111001100110111010000000011111111110111111101110111111111110111011101111010111111011111111011000111111011111001110111111111011111011111011101111110111111101110111111011110011110011111110111111
11011110101101110010010111011100101001010111001110010011110010101000101111111101011101010011010001110110011011010010111110011000010111110111011011001111100111001010110111101001011010010011011101110110100111110110010011111100110100110110011110001011000111111001001100110010100110111111111010011000100101011111011011101111111001100110111010000001111111110110110101101100110110110010101011010111111111100111110111001100011100101111001100111110110011100000111111000110100011110101110111111011000011001011111110111111
11010110010011100010110101001001101100110111011110011011110010111001010011111111001011100111010010100111010111010010011110111000010010110111011101111111001111001010111110101001011010010011010001110011110111100110011001111100101110111010010110101011000111011001101100100010100110010111111000001000100101011111011011101111111000100010111010001001111111111110110101111101110110110010101011010011111110101111110011001101010101111011001110111000111011100000111111000110000001111101010110111011110001001010111010101111
11011110111101101010110110011101001101010111011100110011110011101001111111111111001111110111010010110111011110011010011110111100010011010111011111111111100111101010111111101011111110110011111111110111110111110110011011111100111110111110011110111011010111111011001100111010110111111111111000011001111101011111111111111111111001100110111010001001111111111110110101111101110110110010111011001111111111111111010111011111011101111111011110111111111011111001111111000010110111111101110111111011010001101011111110111111
10010110111000111000101110011101101101010101101001110011100011111100111111111111001101111001000011110111010100010010111111111010101001110110011111001110100110101011111111111011010110110010000011010111011101110010011001111000110110111010010110111011110111111000111100110010000011011111111000011001111001111011111111011011110001100110111100111101111111110101110101111101000110111010101010000111101111101111110010001110010100110111001100111010010011010101111111101110000101110100010101111101110001011011010110111111
11010111110101101000110111011111001101010000101100110011110011111001111111111111011101110001110001110101010100110011011111001010000011110110011011001111000111101011010111110111011100110011100111011111101011010100010011111000110110111010010110000001100111111001011100100000010111011111111100011101111011111010111111011010110001100110111101011101111111110100010101111101010111101110111001000111111111101011111010111111011111110111001100111110110011011001111111101011010101111101010111111011110011111011110010110111
11011111110101111010110111011011101101010100111101110011110011111001111111111111001101110101010110110111011111010111111111111110000011111111011011011111100111101011111111111011011110110011110111111111111111100110001011111100110100111010010110111011110111111001011100111010110111111111111100111001111101111111111011111111110001100110111111011101111111110111110101111101010110111110111011010111101111101111111111001110011111110111011110111110111010111001111111101111110101111101010111111111110011111011111110111011
00000011111101111000111010001111101001010101101001101011010010111100101011011110001100100101011101110101010100011111111111110110000011111110011011001111100101110111011111111000101110110010000100011111101111100010010011110000110100111001001010001011110111101000010110110010111110110111000100001000110101111110011111101111010001100111101000010010111011111111100101110111001110111110111011010111101101111011111100101111011100010011010010111001111010011001011010000001011001111000010111111101111011111101011001011001
10001110101001111010111010010111101111010101111101001011010010101000111011101110011001111101011101111101011101010111111111110010010011111100001011001111101101101111011010101011111110110010000100010111111111100010000001110100110100111110011110101011110111111000001100110010111111110111010100111000111100110111011111111111011001100011000000110010101011110101100000110111011110011010111011010001101101110011011101001010011100111111010100111000110000010101011110011111101000111100010010111101011001011001101010111011
10000111111101111010111111011111101111010101111001101011010011111001111011111110011001101101110001110111011101010111111111110110010111111111011011001111100111111111011111111101111110110010000111111111111111100110000011111000110100111011011110111011110111111101100110111010111011110111011100111000111101111110111111101111011011100111111101111111111111111101110101110111011111111110111011010111111111111011111001101110011101110111010110111111111001010101111111011111111101111101110111111101110001111011111111111111
10101111101010101000110111001110100000010101111111101011010111111000111011111110000001101101111001111111010111001001011110110110010010111111011011001010110000111111010111100001111011100110000101111011111111100110110000000000110110111001000110101011010111101111000010111110001111000101000100011101011101111111010011101001010001001101101011110010110010101111101010100101011111111010111011000111101111111011111100001110111101010111010101110110101001101011111010010101011100011001110100111101101101011001101001001100
10011111101000001000110101011000100000010001111011111011010111111001110011111110000000110101110101111010010110000001111010010110000110111111011111001110110101011111010011110001101011100010000011111110111101110110000011011001110110111101010100011011110011101101000110111010001111100101000100011010011101111110011011101011011001001101111111011111111011100111000110100111101111011010101011000111011111111011101100001110010101000111010100110110101011101001111011100101010101111001110001111111111111011011001111001101
10101111111000101010111011011011100111010101111111101011010111111001111011111110001001111101111101111101010111000111111111110110010010111111011111001110110001111111011111110011111011100110000111111111111111100110000011111101111100111011010110111011110111101101001010111110011111010101000100011010111101111110011101111111011011000111101101111111111011111111101110110111011111111010111011000011111111111011111100101111111101010111000100110111111011111001111010111101011101111101110100111111101101011001101111001101
00111111111011101100111011001111101001010101101111101011010111011010110011001110101011110111111000111100001100000011101101000110010111101111110101001110101001111111010111010011111110110111100101011100110001110010000000000100100000110011001110101011010111101101001010011110011001110101000110001111010101011111110111011001010101010101111111100010110010101001111100111010011111011001111011000101111111111001111010101000111101111111011100100101011011001101101010101101011001001000100111000111101010011011101111000100
10111011011001101000101010001011001111011101101111011011110111011010010011010111111011111011111001111110000101001011101111000110011011100111100101001110101000110111000110001110111110110110100100111010111001011110100011101100100000010011001000001011010111101101011010001111011001010101000110011010111100001100110101011101011111000101111011100010110011111001111000111110111111011001101011000001111111111001111100111000111001111011001101010111011100001111111110001101101001011000110111101011001101011001101101010100
10111111111110101000111010001111101111010101101111111011010111111011110011011111111011110111111101111100010110000111101111000110011011101111111101001110111001111111010111110010111110100111000111101111111011101110100011100101100000111011001110101111010111101111010011111110011001110101000110011110110101111111110001111111011111001101011111111011110010111111111100011111111111011000111011000111111101111011111100001000111101111111011101100111011110001111110110101101111101111000110111001111101111011011101101011100
00111111101110101100011010101111111000000111101101001001010101111010110001111001111011000011011100010110001101001111101001000110011111101111110000001111101000101111000001000011111110110111010011011001111101100010100010001000100100000001001010110111011111111111101010001100111101110100000110000001011101001011010011110101010100111101110110011010110000111001011010011011011111010000001011000001111001111010111110101010111011111111011101100111011101101111101010101110111001101111111010100111111010011011001101110000
10111011101010001100011011101111111011000011001001111001010101111000110011111101101011010111011101111110010101001101101001101110010011100111110000001111101101101111000111000010101100110111000011110011111111100010000010001001100100011001001010001111011111111111101010001101111111110101000110000101011101011101110000101111010000101101001110011011100000111011011010011000111111010000001011100111000001111010000110001011110010011111011100100111011101111101111010100110011101001111111010101111111110011011101101110100
10111111111010001100011011101111111111010111101111111011110101111010110011111101111011110111111101111100010111000111101101101110011111101111110000001111101101101111010111000011111110110111100111111011111111110010100111000101100000011011001110111011011111111111001010001101111111111101000110000000011101001111110011111111011111111101011110111011110000111011111010011010111111011000000011100011111111110011111110101011111011111111011100100111011101111111111010101110111101111111111010101011111110011011101101111100
01110111100010100000011110110110011001100110001101110001111001011100110001101101100011100101111001101110100101000110001001001100010001101111111100101101101100100111010101011010011110110111100111111011101101001000111010001100100100011011001011011010011111111111001110001111100101111000000010101100011101101001110010110111011101110101110110010001110000110011011010011010111101011001000000000111010101010111100110111001101011001101110001100111011001100011111010100110011101111111111000110111011010011011010101101100
11111111110010100000111010110111111100100100101111101111101001001000010001101101101011100111110101001100110010000111001000101100011010101010111100111101001100100111010011011011011110110100110110010011101101011000111010000101100010010011001111000010011111111111101110001111110110011001000010111101011101100011110011010010011101110100111010101000110000110011111110011010110111011100001001000111110111010101000110111001010011100111110101100100100111100011010010001110011001011111111101110111001010011011111101001100
11110111111010101100011011110111111101110111101111111111111001011010110001111111111011110111111101001110100111000111011001101100011011101111111100111101101100101111010011010011101110110111110111110011101101011010011011000100101000011011001111011011011111111111101110101101110111111001000010010101011111101101110011111111011101111101110110101011110000110011011110011010111111011100000001100110110101010111100110111101111111101110111100100111011111101001111010101110010111111111111101111111011010011011111101111100
