00101000101010101101011111101100101001100010010001101101000001101011110101011100000110010111111000000111001010001110111111110101110001010011001000100110010001110000101100101000111010010100010010000001000110011100001111010110001000110111000110101001100010010100010100011010000000110100011101010111010100100011011111000100101000110000000001101011010111111111001100110011001100011101100011110100111010100100111111111100101101011011110100111100000110000110010011100011111110110101000111001110111001000111010110101111
00101000101110111101011111101100001001100010010000101101100001101011110111011101010110010111111000010111001110001110111111110101110001010011001000100110011001110000101100101100011010110100010011000011000110011100101111010110001000110111000100001001100010010100010100011010010000110100011101010111010100101010011111001110111000110000000001101011010111111111011101110011101101011101100011110111111010101100011110111100101101011111110110111100000110011110110101100011011110010101000111001100101001000111010110101111
00101000101110101101011111111100001001100010010000111101100001101011110111011101000110010111111000110111001110001110111111110101110001010011001000100110010001110000111100101100011010110100010011000011000111011100101111010110001000110111000110101001100010010100010100011010011000110100011101010111010100100010011111100110111000110000000001101111010111111111011100110011101101011101100010110111111010101100011110111100101101111111110110111100000110010110110001100011111110110101000101001100101001000111010110101111
00101000101110101101011111101100001001100010010000111101000001101011110111011100010110010111111001000111001110001110101111010101110001010011001000100110011001110010101100101100011010110100010011000011000111011100001111010110001000110111000100101011100010010100010100011010001000100100011101010111010100100010011111100100111000110000010001101111010111111111011100110011101100011001100011110111111110101100011110111100101100111111110100111100000110000110110001100011111110110101000101001110111001000111010110101111
00101000101110101101011100101100001001100010010000111101100001101011110111011100000110010111111000110111001110001110111111010101110001010011001000100110010001110000111100101100011010110100010011000011000010011100001111010110001000110111000100101001100010010100010100011010011000100100011101010111010100100010011111000110111000110000000001101111010111111111011100110011101100011101100011110101111010101100001110111100101101011011110110111100000110000110010011100011111111010101000101001100111001000111010110101111
00101000101110101101011111101100001001100010010001111101000001101011110011011100010110010111111000000111001110001110101111010101110001010011001000100110011001110000111100101000011010110100010011000011000110011100001111010110001000110111000100101001100010010100010100011010010000100100011101010111010100100010011111101110101001110000000001101011010111111111011101110011101100011101100011110111111010101100011110111100101101011111110110111100000110000110010011100011111110110101000111001100111001000111010110101111
00101010101110111101011101101100001001100010010000101101110001101011110111011100010110010111111000110111001010001110111111110101110001010011001000100110011001110001111100101000011010110100010011000011000010011100101111010110001000110111000100101001100010010100010100011010001000100100011101010111010100100011011111101110101000110000000001101111010111111111011101110011001101111101100011110100111010100100011110111100101101011111110110111100000110010110010011100011111110010101000101001100101001000111010110101111
00101000101110111101011110101100001001100010010000111101000001101011110101011101000110010111111000100111001110001110101111010101110001110011001000100110011001110010101100101100011010110100010011000011000110011100101111010110001000110111000110001001100010010100010100011010011000100100011101010111010100101011011111100110111000110000000001101011010111111111010100110011100100011101100011110111111010100100011110111100101100011111110110111100000110100110010011100011111110110101000101001100111001000111000110101111
00101000101110101101011101101100001001100010010000111101100001101011110111011100000110010111111000000111001110001110111111010101110001110011001000100110011001110010101100101000011010110100010011000011000111011100101111010110001000110111000110101001100010010100010100011010010000100100011101010111010100100010011111001110111000110000000001101111010111111111011100110011101100011101100011110111111010101100011110111100101101011111110110111100000110000110110001100011111110110101000101001100101001000111010110101111
00101000101110101101011111101100001001100010010000111101100001101011110111011101001110010111111000000111001110001110101111010101110001010011001000100110010001110000101100101100011010110100010011000011000010011100101111010110001000110111000110101001100010010100010100111010011000100100011101010111010100100010011111100110111000110000000001101111010111111111011101110011100100011111100011110111111010100100001110111100101100011111110110111100000110000110010011100011111111110101000101001100111001000111010110101111
00000010101111011000110100111100111101000000011100011100100011100111100101111111010011100001111001100011001011000011010101100101001001101000000101010101011101110100011100001100011101000111001101110110000011000101110010010110000111001000011000001111101000011001111110111001010100011110011100100011011001111010100010111100011101000011000011110100001111111100100011001100111110110011000010011111111111101101110011111000111001100100101010011010100000101110110000010100000001010110101111111010110001111110001100111111
00000010101011011000110100111100111101000000011110001100000011100111100101111110000011000101111001100011001011000111010001100101001101101001000101010111011101110100110100101000110101000111011000110100000011010101110010010110000101001000011001100111101000011001111110111101000100110110011100100011010001010011100011111100001100001001000011110100000111111100000011000100011110110011000010011101011101100101110011111100100001100101101000011010000000100110010010010100000001010110101111111010100001111110011100111111
00000010101011011000110111101100111101000000111100001110000011100111100101111110010011100001111001101011001011000111010101100101001101101000010101010111011101110100011100001000111101000111011000110100000011010101010010010110000101001000011000001111101000011001111110111001000100110110011100100011011001111011100011111100001101001101000011110100001111111100100011001100011110110011000011011101111111100101110011111000110001100101101001011010100000101110110010010100000001010110101111111010100001111110001100111111
00000010100011011000110100111100111101000000011100001100100011100111100101111111100011100001111001100011001011000111010101100101001001101000010101010111011101110100111100101110111101000111001000110100000011000101010010010110000101001000011000001101101000011001111110111101010100110110011100100011011001111011100010111100001101001011000011110100001111111100100011001100011111110110000010011101111011110101110011111100110001100101101011011010000000101110010010010100000001010110101111111010100001111110001100111111
00000010101011011000110110111100111101000000011110001110100011100111100101111111010010100101111001101011001011000111010101100101001001101001110101010111011001110100111100001110111101000111011000110100001011010101110010010110010101001000011000001111101000011001111110111101000100111110011100101011011001111011100011111100001100101111000011110100000111111100100011001100011000110011100010011111011011110101110011111100110001100101101000011010100000101110110000010100010001110110101111111010100001111110001100111111
00000010101011011000110100111100111101000000011100011100100011100111100101111111000011100001111001100011001011000111010101100101001001101001010101010111011001110100011100101100111101000111011000110100000011010101010010010110000101001000011010001111101000011001111110111001010100111110111100100011011001111011100010111100011100001011000011110100001111111100100011000100011011110010000010011101111011101101110011111100110001100101101000011010000000101110110000010100000001010111101111111010100001111110001100111111
00000010101011011000110110111100111101000000011110001100000011100111100101111111010011000001111001100011001011000111010101100101001101101000010101010111011001110100011100001100111101000111011000110100000011010101010010010110000101001000011011001111101000011001111110111001010100110110011100100011011001111010100011111100011101001101000011110100001111111100100011000100111110010011100010011111111111111101110011111000110001100100101001011010100000101110110000010100100101110110111111111010110001111110001100111111
00000010101011001000110101111100111101000000011110001110100011100111100101111110110010000101111001101011001011000111010101100101001001101001000101010111011001110100011100001000111101000111011000110100000011010101010010010110000101001000011000100111101000011001111110111001000100111110011100101011011001111010100011111100001100000101000011110100000111111100101011000100011001110010100010011101011111101101110011111100100001100100101000011010000000101110110000010100000011010110111111111010100001111110011100111111
00000010101011011000110110111100111101000000011110001100100011100111100101111111110011000001111001101011001011000111010101100101001101101001010101010101011001110100111100101100111101000111011100110100000011010101010010010110010101001000011000000111101000011001111110111101000100111110111100100011011001111011100010111100001101001001000011110100001111111100100011001100011110110011000010011101111111110101110011111100110001100101101001011010000000101110010010010100000001010111111111111010110001111110001100111111
00000010101011011000110110111100111101000000011110001100100011100111100101111110110010000101111001101011001011000111010101100101001001101001010100010111011001110100111100001010110101000111011000110100000011010101010010010110000101001000011000001111101000011001111110111001000100111110011100100011011001111011100011111100001100001001000011110100000111111100100011000100011001110010000010011101011011111101110011111100110001100101101001011010000000101110110000010100000001010111111111111010100001111110001100111111
00101001010001011100101101100000010000000001101110101111011011110110101011001100110111000000011000101000100001110100010000001001100101001110111011000011101111110010110111001011000000000110011010101001111001011101010110110011011011110011101011110100100000001001111110110100101001100011111111101001111010101000110000101011101011111101000101111101000110101011101111110000011011000100101011000001111011110101010101011101111110011110011011110000000010110010000111010100101111111110100010010110011010000110100000000111
00101001010101011100101110100000010000000001101111111110011011110111100000001101110111101000011000101001100000110000010000101001100101101110111011000001101111110000111111001111011000000110001111101011111001001101010110110011011011110011101011011100100000001001111110110100110001011011111101101001111000101000110000101001111011111111100101111101101111001011101101111000111011000101101011000001111011111101010111011001111111011110011011111000100010100010000011010100101101111110110010010110011010000110100000000111
00101001010101011100101100100000010000000001001111111110011011110111100001001101110111101000011000101000100001110100010000001001100101101110111011000001101111110010110111001011010000000110001111101011111001001101010110110011011011110011101011010100100000001001111110110100110001011011111101101001111010001000110000101011111011111111000101111101000101100011101101110000111011000100101011000001111011111101010101011101111111011110011011111000000010100011000101010100101111111110110010010110011010000110100000000111
00101001011001011100101111110000010000000001101111111110011011110110101001001100110111001000011000101000100000110000010000101001100101001110111011000001101111110000110111001001000000000110001011101011111001001101010110110011011011110011101011010100100000001001111110110100101001011011111101101001111000001000110000101011111011111111000101111101000110101011101101110000111010000101101011000001111011110101010111011001111111011110011011101000100010110010000101010100101101111110110010010110011010000110100000000111
00101001010101011100101101100000010000000001101110111110011011110111100001001100110111101000011000001001100000110000110000101001100101101110011011000001101111110010110111001001010000000110011111101011110101001101010110110011011011110011101011010100100000001001111110110110100001010011111101101001111000001000110000101001101011011101100101111101000110100011101101111000111011000101001011000101111111101101010101011001111111011110011011111000000010110010000111010100001111111110110010011110011010000110100100000111
00101001010001011100101111100000010000000001101111111110011011110110101001001100110111001000011001101000100000110000010000101001100101101110111011000001101111110010110111001001000000000110001111101011111001001101010110110011011011110011101011110100100000001001111110110100101001011011111101101001111000101000110010101001111011111101000101111101000110101011101101111000111011000101101011000101111011110101010101011001111111011110011011111000100010110010000111010100101111111110110010010110011000000110100100000111
00101001010101011100101111100000010000000001101111111110111011110111100001001101110111101000011000101000100000110000010000101001100101101110111011000001101111110010110111001111001000000110001111101011111101001101010110110011011011110011101000110100100000001001111110110110100001011011111101101001111000101100110000101001101011111101000101111101000101100011101101111000111011000100101011000101111011110111010101111101111111011110011011111000100010000010000111010100001111111110100010010110011010000110100000000111
00101001110001011100101111100001010001000001101110111110011011110110100011001101110111101000011001101001100000110000010000101001100101101110111011000011101111110000110111001101010000000110001111101011111011001101010110110011011011110011101011010100100000001001111110110100110001010011111111101001111000101000110010101001111011111101100101111101001110101011101101111000011010000101001011000101111111110101010111011001111111011110011011111000100010010010000111010100101101111110100010010110011010000110100100000111
00101001011101011100111101100000010000000001101111111110011011110111101001001100110111101000011000101000100000110000010000101001100101101110111011000001101111110000110111001011011000000110001011101011111001001101010110110011011011110011101011110100100000001001111110110100111001011011111101101001111000101100110000101001111011111111100101111101000110100011101101110000011011000101101011000001111011110101010101011101111111011110011011111000100010110010000101010100101111111110100010010010011010000110100000000111
00101001010101011100101101100000010000000001101111111110011011110110101001001100110111101000011001101001100000110000110000101001100101101110111011000001101111110010110111001101011000000110001111101011110001001101010110110011011011110011101011010100100000001001111110110100100001010011111101101001111000101000110000101001111011011111100101111101001110101011101101111000111010000101001011000101111111100101010111011001111111011110011011111000100010110010000111010100001101111110100010010110011010000110100100000111
10100100101100001101011110110101111101111010001011010111100010100111000100100110110111110100100011001011101101101110110010110011001100000110010100010000011001111101111010010100011001011011000010010000110111111010010000011100111110111011000000011111111101101101101101111111101100001011011110001010101111111010100101111100100101001100111010101100101101010010111110001000100000010100101101111111001001100111000011110110011011010110000100001101011010000101000100110000011101011011101011001011011011100011101101001110
10100101101000000101011101110101111101110110001001010111100010100111001110100110110111010000111011001010101001101110110010110011001100000110000101010010001100111111111010010100001001011011010010010000110111111000010000011100111110111011000000111101111101101101101101011111101100100011011110001010101111111110100100011110100101001100001000101100100101010010111111000000001100010100101101111110001011100111010001110110011010010110000011000101011010011101000100110000111111011011101011001011011011101011101100001110
10100101101000000101011111110101111101111010001011010111100010000110001110100110110111010100100011001011101101101110100010110011001000000110000101010010001000111111111010110100001001011011010010010000110111111010010000011100111110111011000000111101111101101101101101011111101100100011011110001010101011111010100100011110100101001100111000101100100111010010111111001000000000010100101101111111001001100111000011110110011010010110000111000101111010010100000100110000111101011011101011001011011011101011101100001110
10100101101100000101011110110101111101111010001011010111100010100111000110100110110111110100110011001011101101101110110010110011001100000110000101010010001000111111111010010100001001011011010010010000110111111010010000011100111110111011000000111101111101101101101101011101101100100011011110001010101011111010100101011110100101001100111000101100100101010010111111001000001000010100101101111111001001100111000011110110011010010110000100010101011010000101000110110000011111011011101011001011011011101011101101001110
10100101101100000101011110110101111101111010001001010111100010000110001110100110110111010000100011001010101101101110110010110011001100000110000100010010001100111100111010110100001001011011010010010000110011111010010000111100111110111011000000111101111101101101101101011101101100100011011110001010100011111110100100011110100101101100011000101100101101010010111111000000001010010100101101111011101011100111010011110110011010010110000011000101011010000101000100110000111101011010101011001011011011101011101000001110
10100101101100000101011110110111111101111010001011010111100010100111000110100110110111010100100011001011101101101110110010110011001100000110000101010010001000111111111010010100001001011011010010010000110111111010010000011100111110111011000000111111111101101101101101011101101100100011011110001010101111111010100101011110100101001100111010101100100101010010111111000000101100010100101101111011001001100111000001110110011010010110000000000101011010010101000100110000011101011011101011001011011011101011101000001110
10100101101000000101011101110111111101111010001001010111100011000110001110100110110111010100100011001011101101101110110010110011001000000110000100010010001001111101110010110000011001011011010010010000110010111010010000011100111110111011000010111101111101101101101101011101101100100011011110001010101111111011100100011110100101001100011000101100101111010010111110000000000000010100101101111101001001100101010011110110011010010111000001000101011010110101000100110000111101011011101011001011011011101011101000001110
10100101101100010101011100110101111100110010001011010111100010000111001100100110110111010100100011001010101101101110110010110011001100000110010101010000001001111111111010110100001001011011010010010000110101111010010000011100111110111011000000111101111101101101101101011111101100101011011110001010101011111111100101011110100101101100011000101100100101010010111111000000101010010100101101111011101011100101010001110110011010010110000011000101011010100101000100110000111111011011001011001011011011101011101000001110
10100101101000000101011110110101111101111110001001010111100010000111001110100110110111010100100011001011101101101110110010110011001100000110000101010010001001111111111010010100001001011111010010010000110111111010010000011100111110111011000000011101111101101101101101011101101100100011011110001010101011111010100101011110100101001100011000101100100101010010111111000000001100010100101101111111001011100111000011110110011010010110000101000101011010010100000110110000011111011011101011001011011011101011101100001110
10100101101100000101011110110101111101111010001001010111100010000111001110100110110111010100100011001010101101101110110010110011001100000110000101010010001001111101111010010100001001011011010010010000110111111010010000011100111110111011000000111101111101101101101101011111101100100011011110001010100011111110100100011110100101101100011000101100100101010010111111000000001010010100101101111011101001100111000001110110011010010110000011000101011010000101000100110000111111011010001011001011011011101011101000001110
11001100111101111101010011010111110010001111000001010111100101000101110000010100100010110010111001001101100110001110101000110001000000101110000110000011000101010100101111110010101100101101001100000011110010010010110101110101111100011110110110010001000001100000001001011111100010111010100100111101110110011111100010011000000001111101000000001101111111000110110001000011010111010001111101100010100001100000010011111111011101011001011110010000101010111010010110010110000101011001000001000000101111011010011101101110
11001100111101111101010011011111110000001111000011000101100101100101110000010100110011110110100001001101100111001110101000110001000000001110100110000001011001011100100011110000111100001101001000000011110010010010010101110101111000011110110110010011000001100100001001101101101000001010100100111100110110011011100011111000000001111101010010001101111111000010110010001011110001010001110101100010100001100000000011111111011101010101011100011000101010101110010110000110000101010000000011000000101101011010001001101110
11001100111101111101010011010111110010001111000001000111100101100101110000010000100011110010111001001101100110001110101000100001000000001110000110000001011101010100101010110000111100001101001000000011110010010010110101110101111000011110110110010011000001100100001001101111101000001010100100111100110110011111100011111000000001111101000010001101111111000110110010000011011111010001110101100010100001100000010011111011011101010001011100010000101010101111010110010110000101010000000011000100101101011010001001101110
11001100111001111101010011011111110010001111001001000111100101000101110000010000100011010010110001011101100110001110101000110001000000101110000110000001011101010100100011110010111100001101001100000011111010010010110101110101111000011110110110010011000001100100001001101111100010011010100100111100110110011111100010011000000001111101000000001101111111000110110010000011110111010001110101100010100001100000010011111011011101010101011110011000101010101110010110010110000101011000000011000100101101011010001001101110
11001100111001111101010011010111110010001111000011000111100101100101110000010100110011110110111001011101100110001110101000110001000000001110100110000001011101010100100011110010111100001101001000000011111110010010010101110101111000011110110111010011000001100100001001101111101010001010100100111100110110011111100011111000010001011111000010001101111111000010110010001011110101010001110101100110100001100000000011111011011101010100011100010000101010111110010110010110000101011001000011000100101111011010001101101110
11001100111001111101010011011111110010001111000011000111100101100101110000010100110010110010111001011101100111001110101000110001000000001110000110000001011101010100100011110010111100001101001000000011110010010010010101110101111000011110110111010011000001100100001001111111100010011010100100111100110110011111100011111000000001111111000000001101111111000010110010001011010001010001111101100110100001100000010011111011011101011101011110011000101010101110010110010110000101011000000011000000101111011010001001101110
11001100111101111101010011011111110010001111000011000111100100100101110000010000110010110010111001001101100110001110101000110101000000001110100110000001011101010100101011110110101100001101001000000011111011010010110101110101111000011110110100010011000001100100001001100111101010001010100100111100110110011111100011111000000001111111000000001101111111000010110011001011111111010001111101100010100001100000000011011111011101010001011110011000101010101110010110010110000101010000000011000000101101011010001101101110
11001100111001111101010011010111110010001111000001000111100101100101110000010100100011110110111000011101100110001110101000110001000000001110000110000011011100010100100011110010111100001101001000000011111010010010010101110101111000011110110110010011000001100100001001101101101000001010100100111100110110011011100010111000000001011111000010001101111111000010110010000011010101010001111101100110100001100000010011111111011101010101011110010000111010111110010110010110000101011000000011000100101101011010001101101110
11001100111101111101010011011111110010001111001011000111100101100101110000010000100011110010111001011101100110001110101000110001000000001110100110000001011100010100100011110010111100001101001000000011111010010010010101110101111000011110110111010011000001100100001001100111100010001010100100111100110110011111100010111000000001111101000010001101111111000110110010001011110001010001111101100010100001100000010011111011011101010101011110011000101010101111010110000110000101011000000011000100101111011010011001101110
11001100111001111101010011010111110010001111000011000111100101100101110000010100110011110010111000011101100110001110101000110001000000001110100110000001011100010100100011110010111100001101001000000011111010010010010101110101111000011110110111010001000001100100001001101101101010001010100100111101110110011111100011111000010001011111000010001101111111000010110010001011110101010001111101100110100001100000010011111111011101010101011110011000101010111110010110010110000101011001000011000000101111011010001101101110
10100111110001011000101001001011111001010101111110001101101010110111100101100010110111000000101100011001100000011101111100000100010011101110010100100011100110001111011111110100100011110010000101110001111111111010010010011010000111010000111001010000000101110011101001110110100000101101011100111010100111101000011110101011011001010110001010000001001111110001101111110011011010001110100001001010100100110001010000011000011111011100000100011110110110110111100110001010010001010101010011011101011011101011000001111000
10100111111001011000101011000011111011011101111111011101101010110111100101100011100100000000111100010001100100111100111100100100010001101110010100100011100110001111011111110110101010110010000101100001111111111010110010111010000111010000111001010000000101110011101001010110100010111101011100111011101111001110011110101011011001010010001000000001001111110101001101110011011010001110100000001010100000110001010010011100011111001000000100011110010010110011100010001010010001010101100111010011011011101011010001101000
10100111111001001000101001001011111001010101111111011101101011010111100101100010110100000000101100010001100000011101111100100100010011101110110100100011100110001110111111110110101010110010000101100001101111111010010010111010000111010000111001010000000101110011101001010110100000111101011100111011100111101010001110101011011001010010001010000001001101110001001101110011011000001110100010001110100100110001010000011100011111001100000100011110110010010011000010001010010001010101000111011001011011101011010101101000
10100111111001001000101001001011111001010101110111011101101010111111100101100010110100100000101100010001100000011100111100000100010011001111110100100011100111001111011111110100100010110010000101100001111111111010010010111010000111010000111001010000000101110011101001010110100000111101011100111010100111101010011110101011011001010110001010000001001111110001001101110011011000001110100000001110100100110001110000011100011111001000000100010110110010110011100010001010010001010101010111011001011011101011010101101000
10100111111001001000101011001011111001010101111111011101101010010111100101100010100101100000111100011001100000011101111100000100010011101110010101100011100110001111111111110100100010110010000101100001101111111010110010011010000111010000111000010000000101110011101001010110110000111101011100111010100111111010011110101011011001010010001010000001001111110001001101110011011010101110100000001010100000110011010010011100011111001000000110011110100010010011000010001010010001010101000111011101011011101011010001101000
10100111111101001000101011000011111001010101111110011101101010110111100101100011110111100000111100011001100000011100111100000100010011001110110100100011100110001111011111110100100010110010000101100001111111111010110010111010000111010000111001010000000101110011101001010010100000101101011100111010100111101010011110101011011001010110001010000001001111110101101101110011011010001110100000001010100000110011010010010100011111001000000100010110110010110011100010001010010001010101010111011101011011101011010101111000
10100111111001001000101011000011111001010101111110011101101011010111110101100010100101000000111100011001100100011100111100000100010011101110010100100011100110001111111111110100110010110010000101110001111111111010110010111010000111010000111001010000000101110011101001010110110000101101011100111010100111101000011110101011011001010010001010000001001111110001101101110011011000001110100010001110100100110011010000111000011111001100000100011110110010010011000110001010010001010101000111011101011011101011010001101000
10100111111101001000101011001011111001011101111111011101101010111111100101100010110110000000101101011001100000011101111100100100010011101111100100100011100111001111111111110100111010110010000101110001111111111010110010111010000111010000111001010000000101110011101001010110100000111101011100111011100111101010001110101011011001011110001010000101001111110101001101110011011010001110100000001010100000110011010010011000011111001000000100011110100010010011000010001010010001010101010111011101011011101011010001101000
10100111111001001000101001000011110001010101110111011101101010010111100101100011110100100000101100011001100000011100111100000100010011101110010100100011100110001111011111110100100010110010000101100001101111111010110010111010000111010000111001010000000101110011101001010010110000111101011100111010100111101010011110101011011001010110001010001001001111110001001101110011011010001110100000001110100100110001110010010100011111001000000100011110110010111011100010001010010001010101010111011001011011101011010101101000
10100111111101001000101011001011111001010101111111011101101010010111100101100010100110000000101101011001100000011101111100000100010011101110010100100011100111001111111111110100100010110010000101100001111111111010110010111010000111010000111000010010000101110011101001010110110000111101011100111010100111101010001110101011011001010110001010000001001111110001001101110011011010001110100000001010100000110011010010011100011111001000000100010110100010110011000010001010010001010101010111011101011011101011010001101000
00100010000111001010011001110001010010101000100011011100010011010111110010000111110001110100100111010001111110110101111011101101011000000001110001001100001000101010111011110111010110100111011110111100000101110000011001110111111000110001010010011111001011010100010100101001011000111000001001100101101111110101001000111101101110001010101000011100100100110010000110000010011000100010110111100100111110010010110100110100010110011101010101001011001011011111010000011010010101111011101100011011110111100000010101110011
00100010100111001010001001110001010000100100100010001101010011011110110000000010110001110100101111010001111110110101111111001101011010000011110001001100000000101010011111110111010111100111011110111100001101110000011001010111111100110001011000011111001011010000010100110011010000101000001001100101101111111001001000111101101110001010111010001101100101110010100111000010011000100010110111110110111110010010110100110100010110011101010100001011011101011111110100001010010101111011111000011101110111101000000101110011
00100010100111101010001001110001010010101100100010001101010011111111110010000111110001110100100111010001111110110101111111011101011000000011010001001100000000101011111111110101110111100111011110111100001101110000011001010111111100110001011000011111001011010000010100110011010000101000001001100101101111110101011000111101101110001010011000001101100100110010100110000010011000100010110101100100111110010010110100110100010110011101010100001011001111011101110100011010010101111011111000011111110111101000000101110011
00100010000111001010001001110001010010101100101010001101000011010110110000000111100001110100101111010001111110110101111111111101011000000011110001001100000000101010111111110111010111100111011110111100000101110000011001010111111100110001011000011111001011010000010100110001011000101000001001100101101111111101001000111101101110001010111000001000100101110010100111000010011000100010110111110100111110010010110100110100011110011101010100001011001111011111110100011010010101111011101000011111110111100000000001110011
00100010000111001010001001110101010010101100100011001101000011110110110000000111110001110100000111000001111110110101111111101101011000000011110001001100000000101010111111110111010111100111011110111100000111110010011001010111111100110001011000010111001011010000010100110011010000101000001001100101101111111101011000111101101110001010111000001100100101110010000111000010011000100010110111110100011110010010110100110100000110011101010101001011011111001111010100001010010101111011111000011011110111100000000101110011
00100010000011001010001001110001010010101000100011001101010011011110110000000111100001111100101111010001111110110101111111101101011000000011010001001100000000101010111111110111010111100111011110111100001101110000011001010111111100110001011000011111001011010000010100100001011000111000001001100101101111111101001000111101101110001010111000001100100101110010000111000010011000100010110111110100111110010010110100110100010110011101010100001011011111011111010100011010010101111011111000011111110111100000000001110011
00100010100111001010011001110001010010101000100011001101000011111110100000000111110001110101101111010001111010110101111111101101011000000011110001001100000000101010111011110111110111100111011110111100001101110000011001010111111100110001011010011111001011010000010100111011000000111000001001100101101111111101001000111101101110001010111000001101100100110010000110000010011000100010110101110100111110010000110100010100010110011101010100001011011111011111010000011010010101111011111000011011110111100000000101110011
00100010000011001010001001110001010010101100100010001101001011010110110000000011100001110000100111010001111110110101111111001101011000000001110001001100011000101010011011111111010111100111011110111100001111110010011001010111111100110001011000011111001011010000010100110011010000101000001001100101101111111101011000111101101110000010101000001000100100110010000110000010011000100010110111110100011110010000110100110100010110011101010100001011011111001111110100001010010101111011111000011011110111101000000101110011
00100010000011001010001001110001010010101000101011001101010011010110110010000110100001110100001111010001111110110101111111101101011000000011110001001100000000101010111111110111010111100111011110111100000101110000011001010111111100110001011000011111001011010000010100110001011000101000001001100101101111111101001000111101101110001010111000001100100100110010100111000010011000100010110111110100111110010010110100110100010110011101010100001011011111011111010100011010010101111011111000011111110111100000000001110011
00100010000011001010001001110001010010101000100010001101000011011110110000000011110001110100100111000001111110110101111111101101011000000001110001001100011000101010111011110111010111100111011110111100000111110000011001010111111100110001011000011111001011010000010100110011010000101000001001100101101111111101011000111101101110001010111000001100100101110010100111000010011000100010110111110100011110010000110100110100000110011101010100001011011111001111110100001010010101111011111000011011110111100000000101110011
10101001010000100001000101110111100111000011111111110010110011111000000110100110101001111101001111000101011100110101111101111011110111001101101000110001111101011000110110101111110100111110101111000001111000011101100110110101001001001110110110111011101011001000001110010101000010111011111111011111101010111001101110000001010101011001111111011101001101110110100110110010111110101100111001010101001011010001111101010101101010110101000001111001001100001001000010111001111100100011110010011101010110011110110111001011
10101001000000100000010101110111110111001011111111110000110010101001000110100111101001111101000111001101011100110111111001111011110101001101101000110001111100011010111011111111110100111010001101010001110000011101000110110101001001001110110110111010101011001100001110101001001010111011111101011111101110110101101111000001010101111111111111011100101100110010100110110010011010101100111001010100001101010011111101010001101010111101000101011001001000101101000010111001001100100011100110011001010110010110110111011011
10101001000000100001010101110111100111000011111111110010110010101000000110100110101001111101001111001101011100110001111001111011110111001101101000110001111101011000111011101111010000111010001101000001110000011101100110110101001001001110110110111010101011001100001110101001001010111011111101011111101010111001101111000001010101011101111111011100101111110110100110110010011010101100111011010000001011011001111111010001101010111001000001111001001000101111001010111001001100101011100110010101010110010110110011011011
10101001000000100000010101110111110111000011110111110010110010101001000110100110100001011101000111001101011100110111111001111011110111001101101000110001111100011000111110101111110100111010001101000001111000011101000110110101001001001110110110111010101011001100001110101001000010111011111101011111101010111001101111100001010101011001111111011100101101110110100110110010011010101100111011010000001011011001011111010101101010111101000001011001001000001001000110111001001100101011110110010001010110011110110111011011
10101001000000100000010101110111100111000011111111110000110011101001000110111110101000011101101111000101011100110101111001111011110111001101101000110001111101011010111010001011110100111010001101010001110000011101000110110101001001001110110110111010101011001100001110101001001010111011111101011111101110110001101110101001010101111101111111011101101101110110100110110010011010101100011001010100011111010011111111010101111010111101000101111001001000001101000010111001111100100011100110010101010110011110110011011011
10101001000000100000010101110111110111000011111111110010110010101001000110100110100001010101000111001101011100110101111001111011110111001101101000110001111101011000111010101111110100111010001101000001110000011101000110110101001001001110110110111010101011001100001110111001000010111011111101011111101010110001101110101001010101011001111111011100101101110110100110110010111110101100111001010100001101010001111101010001101010111101000001011001001000001101000010111001101100100011110110011001010110011110110111001011
10101011000000100001000101110111100111000011111111110010110010101001000110110110101001111101000111001101011100110001111001111011110111001101101000110001111101011000111010001111010000111010001101000001110000011101100110110101001001001110110110111010101011001100001110101001001010111011111101011111101010110101101110001001010101011101111111010101101101110110100110110010011010101100111011010100001001011011111111010101101010111101100001011001001000101101001110111001111100100011100110010101010110011110110011011011
10101001000000100000110101110111100111000011111111110000110011101001000110111110100001011101001111000101011100110101111001111011110111001101111000110001100100011010111110100011110100111010001101000001110000011101000110110101001001001110110110111010101011001100001110101001001010111011111101011111101110110001101111101001011101111001111111011101101101110010100110110010111010101100111001010100001111011011111101010101101010110101000001011001001100001101000010111001111100100011100110010101010100010110110011011011
10101001000000100001010101110111101111000011111111110010110011101001000110100111101000011101000111001101011100110101011001111011110111001101101000110001111101011010111010001111110000111010001101000001110000011101000110110101001001001110110110111010101011001100001110101101000010111011111101011111101010110001101111000001010101011101111111010101101101110110100110110010111110101100111001010100001111011011011101011001101010111101100001111001001000001101001010111001101100101011100110010001010110011110110011011011
10101001000000100000010101110110100111000011111111110010110011101001000110111110101000111101001111001101011100110101111001111011110111001101101000110001100101011010111110000111110100111010001101010001111000011101000110110101001001001110110110111010101011001100001110101001001010111011111101011111101010110001101111100001010101111101111111011101101101110110100110110010011010101100011001010100001111011011111101011001101010110101000001011001001000001101000010111001111100100011100110010101010110011110110011001011
00110111011001111011001111110110111011100111110001111111111110111001010011101101101000000101101000011101010100100011010100100110110001001011110100011100100101001111110110000011100011001001111000000111011010010101110100110001000111001001011010000101000101001010110100011100100010011110000000100110101110110101110011111100100000101110011010110001100111000001100101101010001101110101011011110010010110011010011111001000011010100001110011111111000000100011001001101001110001011001000111110101101010101011011101010101
00110111010001111011101101110110101011100011110011111111110011111001010011110101101000101111101000011101010101100000010100100110110011001001110100011100100101001110100110100011100011001101111010000111011000010101110100110001000111001001010010000101000101001000110100010100100010011110000010100110101010111101100010111100100000001110111010110101000111010101100111100010111100110001011011110001010010011010011111001000011010100001110011111111000100101011001001111001110101011001010011010101101010101011011101000101
00110111010001111011101101110110111011100111110011111111111011111001010011111101100000000101100000011101010101100101010100100110110001001001110100011100100101001110100110000011110011001101111000000111011010010101110100110001000111001001011010000101000101001000110100010100100010011110000010100110101110110101100011111100100000101110111010110001000101000001100111101010101100110001011011110111010110010010011111001000011010100001110011111111010100101011001001101001110101111001010011010001101010101011011101000101
00110111010001101011101111110110101011100111111011111111111011111001010011111101111000000101101000011101010101100001010100100110110001001011110100111100100101001111100110000011100011001001111010000111010010010101110100110001000111001001010010001101000101001000110100010100100010011110000010100110101110110101100010011100100000101110011010110101000111000001100111101010111100110001011011110111010110010010011111001000011010100001110011111111000100101011001001101001110001011001000011010101101010101011011100000101
00110111010001111011001100110011111011100111110001111111110010111001010011100101111000000101101000011101010101100011010100100110110001001001110100011100101101001111100110100011100011001101111010000111011000010101110100110001000111001001010010001101000101001000110100010100100010011110000010100110101010111101100011010100100000101110010010110001000111000001100111101010111101110001011011110011010010011000011111001000001010100001110011111111000100101011001001111001100001011001010011010001101010101011011101010101
00110111010001111011101100110110111011100111110011111111111011111001010011111101111000100101101000011101010101100001010100100110110011001001110100011100100101001111100110000011100011001101111010000111011010010101110100110001000111001001010010000101000101001000110100010100100010011110000010100110101110111101110011110100100000101110011010110001000111000001100111101010011100110001011011110011010110011000011111001000011010100001110011111111000100101011001001111001110001011001010011010101101010101011011101010101
00110101010001111011101101110010111011100111110001111111110011111001010011101101100000000101101000011101010101100101010100100110110011001001100100011100100101001110100110100011100011001001111010000111011010010101110100110001000111001001011010000101000101001000110100010100110010011110000010100110101110111101110011110100100000101110010010110001000111000001100111101010111101110001011011110011010110011000011101001000011010100001110011111111000100111011001001111001100001011001010011010001101010101011011101010101
00110111010001101011001101110111111011100111110011111111110110111001010011101101111000100101100000011101010101100011010100100110110001001011100100011100101101001111100110001011100011001101111010000111011000010101110100110001000111001001010010001101000101001000110100010100100010011110000010100110101110111101110011010100100000101110011010110101000111000001100111101010011101110001011011110011010010010000011111001000011010100001110011111111000000111011001001111001100001011001010011010001101010101011011101010101
00110111010001111011001101110110111011100111110011111111111011111001010011101100111000010111101000011101010101100011010100110110110001001011110100011100100101001111100110100011100011001101111010000111011010010101110100110001000111001001010010000101000101001000110100010100100010011110000010100110101110111101110010111100100000101110010010110001000111000001100101101010011100110001011011110011010010011000011111001000011000100001110011111111000100101011001001111001110001011001010011010101101010101011011101000101
00110111010001101011001101110011111011100111110001111111110110111001010011100101111000100101101000011101010101100011010100100110110001001011110100011100111101001111100110101011100011001101111010000111011010010101110100110001000111001001010010001101000101001000110100010100100010011110000010100110101110111101110011011100100000101110111010110001000111000001100111101010011101110001011011110011010010010000011111001000011010100001110011111111000100101011001001111001100001011001010011010001101010101011011101010101
00101000101001010011011010110001111000011001111011101001011111110011001101010000110100011111100100011110001001111110100101011100010101010001111100101000011111110011110100101010011010111101001100011000100010101101111000110100001010000111110110100011010111001000001101001010110111010100100010011001001110110100001100100010110010010111110010000001011101110000111110000010111111100110011110111111010111110001000001011001100101111000110001111100011011111001011111001110100100001111010011010110110111100000111110101101
00101000001001010011001010110001111010011101111001111011011111110010001001000100110100011101100100011110000011111100100101111100010101010011111100101000011111111011110100101010111010111001101100001100100010101101111000110100001010000111111110100011010111001010001101011100110111010100100000010001001110110100011110100000110010011111000010000001111101110000110101001010001111100110011111111110010111110001000011011001101101110000110101110100011011110011011111001100010010001111100111110110110111101000111110111101
00101000001001010011001010110001111000011001111001111001011111110010001001000000111100001111101100011110000111111110100101011100010101010011111100101000011111110011110100101010101110111001101100011100100010101101111000110100001010000111110100100011010111001010001101011110110111010100100000010001001110110100011100100000111010010111010010000001111101110000110101000010011111100110011110111110010111111001000001011001101101111000110101110100001011110001011111001100010000001111100111110110110111101000111110111101
00101000101001010011001010110001111000011001111001101001011111110010001001010100110100101111100100011110000011111110100101011100010101010001111100001000011111110011110100101010111010111101101100011100100110101101111010110100001010000111111110100011010111001010001101011110110111010100100000010001001110111100011100100000110010011111010010000001111101110000110100001010011111100110011110111110010111111001000001011001100111111000110101110100011011111011011011001100100100001111110111110110110111100000111111111101
00101000101001010011011010110001111010011001111011101001011111110010001101010100110100111111100100011110000111111100100101011100010101110011011100101000011111110011110100100000011110111001101100001100100010101101111000110100001010000111111110100011010111001010001101011110110111010100100000010001001110110100011100101000111010010111110010000000111101110000110100000011001111100110001111111110010111110011000001011001101101111000110111111100011011111011011111001100010100001110100111110110110111100000111110101101
00101000101001010011011010110001111010011001111001101001011111110010001101010100110100111111100100011110000011111110100101011100010101010011111100101000011111110011110100101000011110111101101100011100100110101101111000110100001010000111111110100011010111001010001101011110110110010100100000010001001110110100011100101000110010010111000010000001111101110000110100000010101111100110011111111110010111110011000001011001100101110000110101110100111011110011011111001100100100001111100111110110110111100000111110111101
00101000101001010011011010110001111000010001111011111001011111010010001101010000111100101111110100011110001111111110100101011100010101110011011100101000011111110011110100101000111110111101101100011100100010101101111000110100001010000111110100100011010111001010001101011110110110010100100000010001001110110100001100101010111010010111100010000001111101110000110101000010001111100110011111111110010111110011000011011001100101110000010101111100011011110001011111001100000100001111100111110110110111100000111110101101
00101000101001010011011010110001111010011001111011111001011011110010001101010100110100111111101100011110010111111100100101011100010101110001011100101000011111110011110100100000011010111001101100011110100010101101111000110100001010000111111110100011010111001010001101011100110111010100100000010001001110110100001100101000110010011111110010000000111101110000110101000010101111100110011111111110010111110011000001011001101101111000110101111100011011110011011111001100010100001110100111110110110111101000111110101101
00101000101101010011001010110001111010010001111011101001011111110010001101010100110100101101100100011110000011111110100101011100010101010001111100101000011111110011110100100000010110111001101100011100100010101101111010111100001010000111111110100011010111001010001101011110110111010100100000010001001110110100011100100000110010011111000010000001111101110000110110000011101111100110011110111110010111110011000001011000100111111000110101110100011011110011011111001100000100001111100111110110110111100000111110111101
00101000101101010011001010110001111010011001111011111001011011110010001101010100110100111111100100011110000111111100100101011100010101110001011100101000011111110011110100100000011110111001101100001100100010101101111000110100001010000111111110100011010111001010001101011110110111010100100000010001001110110100001100100000110010011111010010000000111101110000110100000011101111100110011111111110010111110011000001011000101101111000110101111100011011110011011111001100010100001110100111110110110111100000111110101101
01101001110111100001101101000011110101101001101011100100000001011100011110100010001100101001111111111010101111011100111111101100001100110001011000010001101011001011111101100000111110111001000011000110010111000010101110101000010101111000001101011001000101110001011100100000000111011011101010001000101010101001101010110111101111001010101011000000001101011110111101000101110011110011101010010111000110101111110111011100001101001111111101101011101010111001111101001110010011001101110010010110100001001001101111000011
01101001110111100001011001000111110101101001101011100100001000011100111110111010011101101011111111011010101011111110111111101000001110110001011000010001100011000011111100010000110110111101000011010010010111000000101110101000010101111000000101010001000101110001011100101010000110011011101010001000101110101101101000110111101111000110100001000000001101011000111110000101110111110111101010011111000110101111010111011000000111000111011101101011101010011101011101101110000111001101010010010110100011000001101111000011
01101001110111100001011000000111110101101001101011100100000001011100111110110010011101101001111111011010101001011100111111101010001100110001011000010001101011001011111101110000110010111101000011100010010111000000101110101000010101111000001111011001000101110001011100101000000110011011101010001000101010101101101010110111101111001110101001000000001101011100111110000101110011110111101010010111000110101111010111011000000111000111011101101011101010011001011101101110000111001101010010010110100001000001101111000011
01101001010111110001011000000111110101101001101011100100001000011100111110100010011100001001111111011010101111011100111111101010001110110001011000110001001011001011111101110000110010111001000011000010010011000000101100101000010101111000001101011001000101110001011100101000000110011011101010001000101010101101101000110111101111000110100011000000001101011110111111000101110111110111101010010111000110101111010111011000001101001111011101101011101010111101011101101110010111101101010010000110100001001001101111000011
01101001010111110001101001000111110101101001101011100100001001011000011110101010011100001001111111011010101001011100111111101000001100110001011000010001000011001011111101111000110010111101000001010010010111000000101110101000010101111000000101011001000101110001011100101000000111011011101010001000101110101101101010110111100111001110100011000000001101011100111111000100110111110111111010000111000110101111110111011000010111001111011101101011101010011001111101100110000011101101010010010110100001001001101111000011
01101001010111110001001000000111110101101001101011100100001000011100011110101010001100001001111111011010101111011100111111101000001100110001011000010001101011001011111101010000110010111001000011100010010011000000101110101000010101111000000101011001000101110001011100101000000111011011101010001000101010101101101010110111101111001110100011000000001101011110111111000101110111110111101010000111000110101111110111011000001111001111011101101011101010011001111101101110010011101101110010010110100001001001101111000011
01101001010111110001001001000111110101101001101011100100001000011000011110101010011100001001101111111010101101011100111111101000001100110001011000010001101011001011111100010000111010111001000011100010010111100010101110101000010101111000001111011001000101110001011100101000000111011011101010001000101010101001111010110111100111001010101001001000001101011100111110000101110111110111101010010111000110101111010111011000001111001111011101101011101010001001011101101110010011001101010010010110100001001001101111000011
01101001010111110001101001000011110100101001101011100100001001011000011110100010001100001001111111011010101011011110111111101000001110110001011000010001000011001011111101111000110110111101000011000010010111000000101110101000010101111000000101010001000101110001011100101010000110011011101010001000101010101001111010110111101111000110100011000000001101011100111110000101110111110111101010010111000110101111010111011000000111000111011101101011101010101001111101100110000011101101010010010110100001000001101111000011
01101001010011110001111001000111110101101001101011100100000001011100111110101010011100101011111111011010101101011100111111101000001110110001011000010001001011001011111101111000110010111101010011100010010111000000101110101000010101111000000101011001000101110001011100101000000111011011101010001000101010101101101010110111101111000110100001001000001101011110111111000100110111110111101010010111000110101111110111011100001001000111011101101011101010011001111101100110000111101101010010010110100001000001101111000011
01101001010011110001101001000111110101101001101011100100001001011000011110101010001100001001111111011010101001011110111111101000001110110001011000010001100011001011111101111000110010111101000001010010010111000000101110101000010101111000000101010001000101110001011100101000000110011011101010001000101110101001111010110111101111001110100011000001001101011100111111000100110111110111111010000111000110101111110111011000010111001111011101101011101010111001111101100110000011101101010010010110100001001001101111000011
01101000010111111011001101011101011100001110001011010010011000111000100010011001011011000011101101101011000001110100010110010110010011110100111010100010000010101011110101010100101100101101111110101011100010110110100010111100100100000000011110001001001010011011101100100010101010010111111110101100110001110001010010110110010011101010011100011111011101110000111100111101100111100101110001001111001110101011011011000110110000100110111111111110010000100100011101000011000101111100010111000001000011101000000111011011
01101000010011101011001101010101010100001110101010000010010000011101100110001000001010101001101101101011001100010100010110010110010011110110111010100010001010101011010101001100011010111101111110101111100010110110100000111100100100000000011110001001001010011011101100100000100011010111111110101100110001110011010010110110010011001010011100011011011101110110111101111100100011100001010001000111001110101011111011000110111000101110111011111110110001001000111101000011110001111101110011000101000011101000000111001011
01101000010011111011101101010101010100001110101011000010011000011001100110001000001011001011101101101011001101110100010110010110010011110100111010100010000010101011010101011100011100110100111110111111100000110110100000111100100100000000010110001001001010011011101100100010100011010111111110101100110001110011010010010110010011101010001100011001011101110010111101111100100111100101110001001111001110101011111011000110111000101100111011111110110001101000111101000011110001111101110011000101000011101000000111011011
01101000010011101011101101010101010100001110101011010010010000011001100110011001001011101011101101101011001001110100010110010110010011110110111010100010000011101011010101010100001110110101111110111111100010110110100010111100100100000000010110001001001010011011101100110010101011000111111110101100110001110001010011110110010011001010011100011001011101110000111100110100100011100001110001001111001010101011111011000111110100100110111011111110110001000000111101000011110001111100100011010001000011101000000111011011
01101000110011101011001101010100010100001110101011010010010000011100100110011001011011101011101101101011001100110100010110110110010011110100111010100010001011101011010101010100101110111101111110101111100000110110100000111100100100000000011110001001001010011011101100100010100010010111111110101100110001110001010010010110011011101010011100011001011101110010111101111100110011100001100001011111001110111011011001000111111000100110111001111110110001100100011101001011110101011100110011000101000011101000000111011011
01101000110011101011101101010100010100001110101011010010010001001001100110011001011011101011101101101011001000110100010110010110010011110100111010100010000011101011110101011100101110111101111110111111100010110110100000111100100100000000011110001001001010011011101100100010101010010111111110101100110001110001010011010110010011001010011100011001011101110000111100111100110011100001110001011111001010101011111011000110110000100110111011111110110001101100011101000011000101111100110011000001000011101000000111001011
01101000110011111011101101010100010100001110101011000010010001011100100110011000000010101011111101101011001000110100010110010110010011110100111010000010000010101011010101001100001111111101111110101111100010110110100000011100100100000000010110001001001010011011101100100010100010010111111110101100110001110001010010110110010011101010011100011001011101110000111101111100100011100101110000001111001110101011111011000110110000100110111011111110110001101100111101000011000001111100110011000001000011101000000111001011
01101000010011101011001101010101010101001110101011010010010000011100100110011000011011100011101101101011001100110100010110010110010011110110111010100010001011101011010101010100101010111101111110111111100010110110110000111100100100000000011110001001001010011011101100100000101011010111111110101100110001110001010010110110010011001010001100011001011101110010111101111100100111100001110000001111001110101011111011000111111000101110111001111110110001000000011101001011110101011101110011000101000011101000000111011011
01101000110111101011001101010100010100001110101011000010011000011001100110011000011011000011101101101011001100110100010110010110010011110110111010000010001011101011110101010100101110111101111110111111100010110110100000111100100100000000010110001001001010011011101100100010100010000111111110101100110001110011010011010110010011001010011100011001011101110000111101111101110011100001110001001111001110101011011001000110110100100100111011111110110001101100011101001011110001111101110011010001000011101000000111011011
01101000110111101011001101010100010100001110101011000010010000011100100110011001011011101011101101101011001100110100010110010110010011110110111010000010001011101011010101010100101110111101111110111111100000110110110000111100100100000000011110001001001010011011101100100010101010010111111110101100110001110011010010110110010011001010011100011001011101110010111100111100110011100001100001011111001110101011011011000111111000100110111001111110110001100100011101001011110101011101110011000001000011101000000111011011
10110000100010100011001000011100110001011111010110011000001011100001110100100011010010001101111111101101000001110001111111111100100110111110111111011010101110000110111010001000110001000100000111011011110100010000110000011000011110101110010010011011110011111100001100110000110111101100010010011000011110101110111100010011001000101110100000001101101101101011001001111101101111110011001010010010001011110111100100101011101110111011100011011001010010000000010001011100110110011101001100011000111011001001000010111111
10110000100110110011011100011100111000011111010010010000001011100001110100111011010011000101111111101111000001110100111111111100100110111110111111011010101111001110111011000000101101000100000111011011110000010000110010011000011110101110010010011011110011111100001100110010111111101100010010011000011110101000111111010011001000101010111100101111101101001001001000111101100110110111101010010010001011110111000100101111100100111001100011011001010000100000010101011110100110011100001100011000111011001001000011111111
10110000100110100011011100011100111001011111010110011000001011100001110100111011010010001101111111101111000000110000111111111100100110111110111111011010101111000110111011000000111001001100000111001011010000010000110010011000011110101110010000011011110011111100001100110010111101101100010010011000011110101000111111010011001010101010110000101111101101001011001000111101100111110111001010010000001011110111000100101111100100111011100011011001010000000000010001011110100110011100001100011000111011001001000011111111
10110000100110110011001101011100111001011111010110011000001011100001110100101011010010000101111111111101000000110101111011111110100110111110101111011010101110000110111010001000111001001100000111011011010100010000110010011000011110101110010010011011110011111100001100110000110111111100010010011000011110101010111110010011001000101010111000101111101101101011001001111101100111110111011010010000001011110111000100101111101110111001100011011001010000100000010101011110100110011101011100010000111011001001000011111111
10110000100110110011001100011100111001011111010010011000001011100001110100100011010010000101111111111111000011110001111111011100100110111110111111011010101110000110111010000000111001000100000111011011010100010000110010011000011110101110010010011011110011111100001100110000110111101100010010011000011010101010111111010011001010101110101000101111101101101011001000111101100111110111011010000000001011100111000100101110101100111001100011010001010000010000010001011110100110011101001100011000111011001001000011111111
10110000100110110011001101011100111001011111010110011000001010100001110100100011010010000101111111101101000001110101111111111100100110111110101111011010101110000110111010001000111001000100000111011011110100010000110010011000011110101110010010011011110011111100001100110000110111101100010010011000011110101010111110010011001000101110101000101101101101001011001001111101100111110111001010000000001111110111000100101111101100111001100011011001010000000000010101011110100110011101001100010000111011001001000011111111
10110010100110100011001100011100111001011111010110011000001010100001110100110011010011000101101111101111000011110001111111111100100110111110111111011010001111000110111011001000110000000100000111011011010000010000110010111000011110101110010010011011110011111100001100110010111101111100010010011000011110101110111101010011001000101110100100101111101101001011001000111101100111110011001010010000001011110111000100101111101100111001100011011001010000010000011001011100110110011101001100011000111011001001000010111111
10110000100110110011011100011100111000011111010010011000001011100001110100101011010010001101111111101111000001110101111111111100100110111110101111011010101110000110111000001000011101000100000111001011010000010000110010011000011110101110010010011011110011111100001100110010110111101100010010011000011010101010111111010011001010101010111000101111101101101001001001111101100110110111001011010000001001110111000100101110100100111001100011010001010000110000011001011100100010011101001100011000111011001001000011111111
10110000100110110011011100011100111001011111010110011000001011100001110100100011010010001101111111101101000001110001111111111100100110111110101111011010101110000110111011000000011001000100000111011011010100010000110010011000011110101110010010011011110011111100001100110000111111101100010010011000011010101100111110010011001000101010101000101111101101001011001000111101100110110111011010010000001111110111000100101111101100111011100011011001010000000000010101010110100110011100001100010000111011001001000011111111
10110000100010110011001100011100111001011111010110011000001011100001110100101011010010000101111111111111000011110001111111111100100110111110101111011010111110000110111010001000011001000100000111001011010100010000110010011000011110101110010010011011110011111100001100110000110111101100010010011000011010101010111100010011001000101010101000101111101101001001001000111101100111110111011010000000001011110111100100101110100100111001100011011001010000010000010001010110100110011101011100011000111011001001000011111111
10010011111111111001110010000111011110011011111010011001011000000001101100100011000111110101000000110101000011100011011010000010000111101111101010001011111101011010100010110001001100111000010001100010000010111100101010100100010000101011100000101110110101100000011011111001001001111011000110111000110010110100011001010110111001101101110101110110101000011011011100101111111110101111111010000101011100101000011000001000011110101011100011111101001000010110110100100001101011011001010011110110010011111101111010110001
10110011111011101001100010000110010111011011011110011001011000000001101100100011010111001101000000111101000011100011011110000010000111101111101010001011111101011010110010011001010000101100010001000010000110111100101000100100010000101011100000101110110101100000011011101001000000111011000110111000110011100100011001010110111001101111100001010100101000111011001101101111111110001011111010000111011100101010111000001000101110101011100011111101001010010000110000101001111111011001010011010010010011111101111010110001
10110011111011101001000010000111010110011011111110011001011000000001101100100111010111110101000000110101000011100011011010000010000111101111101010001111111101011010100010010001000100111000010001000010000110111100101000100100010000101011101000101110110101100000011011111001001011111011000110111000110011100100011001010110111001101111100101010110101000011011001101101111111110101011111010000111011100101010111000001000001110101011100011111101001010010110010100100001111011011001010011110010010011111101111010100001
10110011111011101001110010000111010111011011011010011001011000000001101100100011010111111101000000101101000011100011011110000010000111101101101010001011111101011010110011010001000100111100010001000010000010111100101000100100010000101011101000101110110101100000011011101011001001101011000110111000110011100100011001010110111001101111100101010110101000011011001101101111111110001111111010000111011100101010111000001000011010101011100011111101001010010100010000001001011011011001010011111110010011111101111010100001
10110011111011101001110010000111010110011011011110011001011001010001101100100011010111011101000000100101000001101011011010100010000111101111101010001011101101011010110011111001000100101100010011000010000010111100101000100100010000101011100000101110110101100000011011111011001001111011000110111000110111100100011001010110111001101111110101010100101000011011011101101111101110101011111010010111011100111010111000001000101110101011100011111101001010000110110100100001111011011001110011010010010011111101111010100001
10110011111011101001010010000111010111011011011010011001011001010001101100100011000111111101000000110101000011100011011010100010000111101111101010001011111101011010110011110001000100111100010001000010000010111100101000100100010000101011100000101110110101100000011011111011001001111011000110111000110011100100011001010110111001101111110101010110101000111011001101101111111110001011111010010101011100101010111000001000111110101011100011111101001010010110110000100001111011011001010011011110010011111101111010110001
10110001111011111001110010000111010110010011011110011001011001010001101100100011010110111101000000111101000001100011011010000010000111101111101010001011111101010010110010110001011100111100010001000000000110111100101000100100010100101011101000101110110101100000011011111001001011101011000110111000110011100100011001010110111001101111100001010100101000111011001101101111111110001011111010000111011100101000111000001000011110101111100011111101001110000110010100100001011011011001010011000110010011111101111010110001
10110011111011101001110010000111010111011011011010011001011000010001101100100011000111010101000000110101000011100011011010100010000111101101101010001011111101011010100011010101100000101100010001000010000110111100101000100100010000101011100000101110110101100000011011111001001001111011000110111000110111100100011001010110111001101111100101010110101001011011011100101111111110101111111010000111011100101010111000001000101110101011100011111101001110000100110100100001111111011001010011111110010011111101111010100001
10110011111011101001100010000111010110010011111110011001011000010001101100100011000111110101000000110101000011100011011110000010000111101111101010001011111101011010110011011001000100101100010001000010000010111100101000100100010000101011101000101110110101100000011011111011001001111011000110111000110011100100011001010110111001101111110001010110101000111011011101101111111110001011111010000101011100101000111000001000011110101011100011111101001010000010110000101001011011011001010011111110010011111101111010100001
10110011111011101001110010000111010110011011011010011001011001010001101100100011000111011101000000101101000011100011011010100010000111101111101010001011101101011010100011011001100100101100010011000010000010111100101000100100010000101011100000101110110101100000011011111011001001111011000110111000110111100100011001010110111001101111110101010100101001011011001101101111101110001011111010010111011100111010111000001000101110101011100011111101001110000100110100100001111011011001110011011110010111111101111010100001
10010101001110111001101011010111101011010100001010111000011101011010001100101100011010111011000000100100000001101101001101110010011010010101000001001111001101111101001101100111011110101010010100000101100110110010000110110101000101001001000000011011010111101101000010001110001010101101001100001001111010101100110101100011010011101001110011010011110000110101100001110110111010001100111011111011001100111000011000100110001001001111110010001000111011100000110110011101101110001001100100100100011101011011111100101100
10010101001110111001101010010111111010010100101011111000011101011010101100110101001010110001000000100100000001101101001001110010011010010101000001001111000101111111101101100111001100111010010100100101100010110010000110110101000101001001001000011011010111101101000010001110001010101101001100001001111010111100110100100011010001101101110101110011110000110011100001111111111110001101101011111011001100111000011000100011011001001111110010001000111100000110010110011101001010001001100100100100011101011011111100101100
10010101001110111001101011010111111011010100001010111000011101011010101100100100001011111001000100100100010001101101001101110010011010010101000001001011001101111111101101100111011111101010010100100101100010110010000110110101000101001001000010011011010111101101000010001110001010101101001100001001111010111100110100100011010011100001111111110011110000110101110001110111111110001101111010111011001100111000011000100010010001000111110010001000111000100000110110011101001110001001100100100100011101011011111100111100
10010101001110111001101010010011111010010100101110111000011101011010001100111100001011110001000000100100001001101101001001110010011010010101010001001111001101111111001100100111011100101010010100100101100010110010000110110101000101001001000000011011010111101101000010011110001010111101001100000001111010101100110101100011010011101001110011110011110000110101100001111110111010001100101011111011001100111000011000100010001101000111110010001000111100100010110110110101101110001000100100100100011101011011111100111100
10010101001110111001101011010011111011010100101010111000011101011000101100111100001011110001000000100100010001101101001101010010011010010101000001101111111101111111001100100111011100111010010100101101101110110010000110110101000101001001000000011011010111101101000010001100001010101101001100000001111010111100110101100011011011101001110001110011110010110101110001110111111110001101101011111011001100110000011000100010010001001111111010001000111100110000110110011101101110001000100100100100011101011011111100111100
10010101001110111001101010010011111010010100101110111000011101011010101100111101011011110001000000100100000001101101001101110010011010010101000001001111001101111101001100100111011100111010010100100101100110110010000110110101000101001001000000011011010111101101000010001110001010101101001100001000111010111100110101100011010011101001110001110011110000110101100001111111111110001101011011111011001100111000011000100010001001001111110010001000111100100010110110010101101110001001100100100100011101011011111100101100
10010101001110111001101011010111111010011100101011111000011101011010101100101100001011110001000100100100010001101101001001110010011010010101000001001111101101111111101100100111001111101010010100100111100010110010000110110101000001001001000000011011010111101101000010001110001010111101001100001001111010111000110100100011010011101001111111110011110000110111110001111110111110001101111011111011001100111000011000100011001001001111110010001000111001010000110110011101101110001000100100100100011101011011111100101100
10010101001110111001101011010111111010010100101110111000011101011000101100100100011010111001000000100100000001101001001101010010011010010101110001001111000101111111001100100011011100111010010100101100100110110010000110110101000101001001001000011011010111101101000010001110001010101101001100000000111010111100110111100011010011101101110001110011110000110101100001110111111010001101111011111011001110111000011000100010011001001111111010001000111000100010010110011101001111001000100100100100011101011011111101111100
10010101001110111001101011010011111011011100101110111000011101011010001100111100011010110001000100100100000001101101001001110010011010010101000001101111000101111111101100100111011100111010010100101100100110110010000110110101000101001001000000011011010111101101000010001100001010101101001100000001111010111110110101100011010001101001110101110011110000110101100001110111111110001101101011111011001100111000011000100010011001000111111010001000111100110000110110110101101110001001100100100100011101011011111100111100
10010101001110111001101011010011111011011100101110111000011101011000001100111100011010110001000000100100000001101101001101010010011010010101100001101111010101111111001100100011011100111010010100100101100110110010000110110101000101001001001000011011010111101101000010001110001010101101001100000001111010111100110101100011010011101101110001110011110000110101110001110111111110001101101011111011001100110000011000100010011001001111111010001000111000110010010110011101001110001000100100100100011101011011111101111100
11000101111000010011100000110000110101001111001111001010110111101010101000111110100000011111101100000000011100100010101001100010010110101101110100101011010101001110100101110001011111101011000011101111111100000100100011001001001000110010011010001011010111101111101010110100011101011101000111010111010011010011110010101101001111110000101010001000110010110101110101000000010110000101000100011011110010110011100100011001101100110110101111101100101010010110001100100100010001111100110000101010101110010011010101111100
11000101111100010011110001010000101101001111001111001010111111111010001000111110110001111111001100010000011001100011101100100010010110001101110100101011010101001100010101110001011111101011010011001110111100000100100011001001001000110010010010000011010111101111101010110100010101011101000111010111010011100011110010100101001111110000111010001010110010110101110101000000011110000101000101011001110010110001000110011101000100110111101111101100101011111000001100100100110001111101110000100110101110010001010101111100
11000101111100010011110000010000101101001111001111001010111111111010001000111110110000011111001000000010001001100011101100100010010110001101110100101011010100001100110100110001011110101011010011001110111100000100100011001001001000110010011010001011010111101111101010110100010101001101000111010110010011000011110011101101001111110000111010101000110010110101100101000000011010000100000100011001110010110011000110011101101100111011101111101100101111010110001100100110110001111100110000101110101110010001010101011100
11000101111100010010100001110000101101001111001111001011111111111010101000111110110000011111001000010010010001100010101100100010010110001101110100101011010101001100100101110001011111101011010011001110111100000100100011001001001000110010011010000011010111101111101010100100011101001101000111010110010011010011110011101101001111110000111010001000110010110101110101000000010110000001000100011011110010110001000100011101100100111111101011101100101011010100001100000100010001111100110000100010101110010001010101001100
11000101111100010011100001010000101101001111001111001010111110101010001000111110110000111111001000100010011000100010101000100010010110001101110100000011010101001100100101110001011111101011010011000111110100000100100011001001001000110010011010001011010111101111101010110110010101011101000111010110010011001011110010101101001111110000111110001000110010110101110101000000010010000100000100011011110010110001000100011101001100110110101111101100101111010110001100100110010001111101110000101110101110011001010101011100
11000101111100010011100001010000101101001111001011001010111111111010001000111110100000011111001100000010011001100010101100100010010110001101110100101011010101001110100101110001011111101011010011001110111100000100100011001001001000110010011010001011010111101111101010110100011101011101000111010111010011010011110010101101001111110000101010001000110010110101110101000000010010000101000100011011110010110001000100011101100100110111101111101100101011010100001100100110010001111100110000101110101110010001010101011100
11000101111100010011110000010000101101001111001111001010111111101010001000111110110000011111001000100000011000100010101100100010010110001101110100101011010100000100000101110001011111101011010011001100111100000100100011001001001000110010011010001011010111101111101010110100010101001101000111010110010011000011110011101101001111110000110010001010110010110101100101000000011010000100000100011001110010110001000100011100101100110011101111101100101110110100001100100110010001111101110000101110101110010001010101011100
11000101111100010011100001010000101101001111001111001010111111111010101000111110100001011111101100000010011000100110101000100010010110001101110100101011010101000110110101110001010111101011010011000111111100000100100011001001001000110010010010001011010111101111101010110100010101011101000111010111010011000011110000101101001111110000101110001000110010110101110101000000010110000000000100011011110000110001000100011101000100110111101011101100101101011100000100100110110001111101110000100010101110010000010101001100
11000101111100010010110001010000101101001111001011001010111111101010001000111110100000011111001000000010011001100010101100100010010110001101110100101011010101000100100101110001011111101011010011000111111100000100100011001001001000110010011010001011010111101111101010110100010101011101000111010111010011000011110010101101001111110000111010001000110010110101110101000000010110000100000100011010110010110001000100011101100100111111101111101100101111011110001100000110010001111100110000100110101110010000010101001100
11000101111100010011100001010000101101001111001011001010111111101010101000111110110001011111101100100010011000100010101100100010010110001101110100001011010101000100110101110001011111101011010011001010111100000100100011001001001000110010010010001011010111101111101010110100010101011101000111010110010011000011110010101101001111110000111110001000110010110101110101000000010010000000000100011011110010110001000110011100100100110111101111101100101111011100001100100110010001111101110000101110101010011001010101001100
