11110110110100101100100000101010000001100011110101110011100101101010100111000101001001111000101111011000011100001110111100111101110000010010001011110000100101011001110000010110000110110010000000011001011101001100001100101100010011001100100001110110100100010001000001010100111000011010010110011101011111111010001000111011000101010010110001101111111101101011110111011110011111101001100001111110110111111100001100000010110010100100001101001011100010000001111000001110100101110100100010101110000001110100001011010101
11110110110100101100100000101010000001100011110101110011100101101010100111000101001001111100101111011000011100001111111101111101110000010110001111110000100100001001110000010110000110110010000001011001001101001100001100111100010010001100100001110110100100000001010001010100111001011010010110011101011111111010001100111111000001010010110001101111111101111011110111011110011111101001100001111110100111111100001100000010110010100101001101001011100010000001111000001110100101110100100010101110000001110100001011010101
11110111110100101100100000101010000000100011110101110011100101101010100110000101001000111000101111011000011100001111101001111001100000010110001011100001100101001001100000010111000110110010000000001001011101001100001101111100000010001100100001110111100100000001010001010100111001011110010010001101011111111010001000111111010001010010110101101011111100101010110111011110011011101001100001111010110111111100001100000010110010100100001101001011100010010001111000001110110101110100100010101110000001110100001011010101
11110110110100101100100000101011000001100011110101110011100101101010100111000101001001111100101111011100011100001111101101111101110100010110001111110001100100001001110000010110000111110110000001001001001101001100001100111100000010001000100001110110100100000001010001010100111001011010010110001101011111111010001001111111000001010010110101101011111100111010110111011110011111101001100001111111100111111100001100000010110010100100001101001011100010010001101000001110100101110100100010101110000001110100001011010101
11110110110100101100100000101011000001100011110101110011100101101010100111000101001000111100101111011000011100001111111101111101110000010110001111110001100100001001110000010110000110110010000001001001011101001100001100101000010010001000100001110110100100000001010001010100111001011010010110011101011111111011001001111011000001010010110001101011111001111011110110011110011111101001100001111110100111111100001100000010110010100100001101001011100010010001111000001110100101110100100010101110000001110100001011010101
11110110110100101100100000101011000001100011110101110011100101101010100111000101001001111000101111011100011100001110111100111101110000010010001110110000100001011001100000010110000110110010000000011101011101011000001100101000000011001101110001100111110100010000000000000100111000011110010111011101011111101110001000111111000101000010110001111111111001101011110110001110011110101001100001111110110111111100001100000010110010100100001001001011100010010001101000001110100101110100100010101110000001110100001011010101
11110111110100101100100000101010000000100011110101110011100101101010100111000101001000111100101111011000011100001111101101111001110000010110001111100001100101001001110000010010000111110110000000001001011101001100001100111000010010001101100001110111100100000001010001010100111001011010010110011101011111111010001001111111000001010010110101101011111101111010110110011110011111101001100001111110100111111100001100000010110010100100001101001011100010000001111000001110100101110100100010101110000001110100001011010101
11110110110100101100100000101110000000100011110101110011100101101010100111000101001001111000101110011000011100001111111100111101110000010110001011100000100001001001110000010110000110110010000000011101011101011000001100101000010010001100100001110110100100000001000101010100111000011010010110011101011111111010001000111111000101010010110001111111111101101011110110011110011111101001100001111110100111111100001000000010110010100100001101001011100010000001111000001110100101110100100010101110000001110100001011010101
11110110110100101100100000101010000001100011110101110011100101101010100111000101001001111000101111011000011100001110111100111001100100010010011111110000110001011001110000000110000110110010000000011100011101001101001100101000000010001101110101110110100100010000000001010100111000011110010110011101011111101010001000111011010100000010100001101011111000101010100010011110011011101000100001111111110111111100001100000010110010100100001001001011100010010101101000001110100001110101100010101110000001110100001011010101
11110110110100101100100000101010000001100011110101110011100101101010100111000101001000111000101111011000011100001110111100111001100000010010001111110000100101011101110000010011000111110010000000011101011101001100001100111000000010001101100001110111100100000001000001010100111000011010010111011101011011111010001001111111000001000010110101101011111101111011110111011110011111101001100001111110110111111100001100000010110010100100001001001011100010000001111000001110100101110100100010101110000001110100001011010101
11110110110100101100100000101010000001100011110101110011100101101010100111000101001001111000101111011000011100001110111100111101100000010010001111100000100101011001110000010110000111110010000000011101001101001100001100101000010011001101100001110111100100000001000001010100111000011110010111011101011011111010001000111011000101000010110101101011111001101010110111011110011111101001100001111110110111111100001100000010110010100100001001001011100010000001111000001110100101110100100010101110000001110100001011010101
11110110110100101100100000101010000000100011110101110011100101101010100111000101001001111000101111011000011100001110111100111001100101010010011011110000110001011001110000010011000111110010000001011101011101001101001101111000010011001000110000110111100100010001000001000100111000011110010110011101011111101110011000111011000101000010110001111111111001101011110110011110011110101001100001111110110111111100001100000010110010100100001001001011100010010001101000001110100001110101100010101110000001110100001011010101
11110110110100101100100000101010000000100011110101110011100101101010100111000101001001111000101111011000011100001110111101111101100100010010001010110000110001011001110000010111000111110010000000011000001100011100001100111100000010001000100001100111100100010001000001000100111000001110010110011101011111111010001001111011000101000010110001101111111001101011110110011110011111101001100001101110110111111100001100000010110010100100001101001011100010010001101000001110100101110100100010101110000001110100001011010101
11110110110100101100100000101010000000100011110101110011100101101010100111000101001001111000101111011000011100001110111100111101100000010010001010110000100001011001110000010111000111110010000000011100001101011100001100101100000010001000100001100111100100000001000001000100111000011110010110001101011111111010001001111111000101000010110001101111111001101011110110011110011111101001100001111110110111111100001100000010110010100100001101001011100010010001111000001110100101110100100010101110000001110100001011010101
11110110110100101100100000101010000001100011110101110011100101101010100111000101001000111000101111011000011100001111111100111001110101010010011011110001110001011001110000010111010111110010000001011101011001011101001101101000000010001000100000110110100100000001010001000100111000011110010110011101011111101010011000111011010101000010110001111011111001101011110010011110011110101100100000111010110111111100001100000010110010100100001101001011100010010101101000001110100001110101100010101110000001110100001011010101
11110110110100101100100000101010000001100011110101110011100101101010100111000101001000111000101111011000011100001111111100111101110000010110001111110001100101001001110000010010000111110110000001011101001101001100001100111000010010001000100001110110100100000001000001010100111001011010010110001101011111111010001001111111000001010010110101101011111000111011110110011110011111101001100001111110100111111100001100000010110010100100001101001011100010010001111000001110100101110100100010101110000001110100001011010101
11110111110100101100100000101110000000100011110101110011100101101010100110000101001000111000101111011000011100001110111100111101100000010010011011100000100101011001110000010011000111110010000000011101011101011100001100111100000010001001100001110111100100000001010001010100111000011010010111001101011011111110001001111111000001010010110101101011111001111011110110011110011111101001100001111010110111111100001100000010110010100100001101001011100010010001111000001110100101110100100010101110000001110100001011010101
11110110110100101100100000101010000001100011110101110011100101101010100111000101001001111000101111011000011100001110111100111101100101010010011011110000110001011001110000010110010111110010000000011100011001011001001001101000000010001001110101110110100100000000010001000100111000011110010110011101011111101110001001111011010100000011100001101011111001101010100010011110011010101000100001111110110111111100001100000010110010100101001001001011100010010101101000001110100001110101100010101110000001110100001011010101
11110110110100101100100000101010000001100011110101110011100101101010100111000101001001111000101111011100011100001110111100111101110000010010001110110000100001011001100000010110000110110010000000011100011100011000001100101000000011001101110001100110110100010000000000000100111000011110010111011101011111111110001000111011000101000010100001111111111001101011110110001110001010101100100001111110110111111100001100000010110010100100001001001011100010010001101000001110110001110101100010101110000001110100001011010101
11110110110100101100100000101010000001100011110101110011100101101010100111000101001000111100101111011000011100001111111100111001110100010110001011100001100101001001110000010010000111110110000000011001001101001100001101111000010010001000100001110111100100000001010001010100111001011110010110001101011111111010001001111111000001010010110101101011111100111110100111011110011111101001100001111110100111111100001100000010110010100100001101001011100010000001111000001110100101110100100010101110000001110100001011010101
11110110110100101100100000101010000000100011110101110011100101101010100111000101001000111000101111011000011100001111111100111101110000010010001111110000110100001001110000010010000111110010000001011101011101001100001100111000000010001001100001110111100100000001010001010100111000011010010110001101011111111010001001111011010001010110110101101011111001101011110110011110011111101101100001101110110111111100001100000010110010100100001101001011100010010001111000001110100101110100100010101110000001110100001011010101
11110110110100101100100000101010000001100011110101110011100101101010100111000101001000111100101111011000011100001111111100111101110000010110001111100000100101001001110000010010000110110010000001011101001101001100001100111100010010001101100001110110100100000001010001010100111001011010010110001101011111111110001000111111010001010010110101101011111100111010110111011110011111101001100001111110100111111100001100000010110010100100001101001011100010010001111000001110100101110100100010101110000001110100001011010101
11110111110100101100100000101110000000100011110101110011100101101010100111000101001001111000101111011000011100001010111100111101100100010010011111100000100101011001110100010111000111110010000000011001001101011100001100101100000010001101100001110110100100000000000001010101111000011110010111001101011011111010001000111011010001000010110101111011111000101010110110011110011011101100100001111010110111111100001100000010110010100100001101001011100010000001111000001110100101110100100010101110000001110100001011010101
11110110110100101100100000101110000000100011110101110011100101101010100111000101001001111000101111011000011100001110111100111101100000010010011111110000100001011001100000000110000110110010000000011101011100011000001100101000000011001101110001100110110100010000000000010100111001011110010111011101011011101110001000111011000101000010100001111111111001101011110110001110011010101000100001111110110111111100001100000010110010100100001001001011100010000001101000001110110001110100100010101110000001110100001011010101
11110110110100101100100000101010000001100011110101110011100101101010100111000101001000111000101110011000011100001110111100111101100001010010001111100000110101011001110000010110000110110010000101011101011101001000001000101000000010001001110101110110100100000001000001000100111000011110010010011101001111101011001000111011010001010011110101111011111000101010110010011110001010101100110001111110110111111100001100000010110010100100001101001011100010010001101000001110100001110100100010101110000001110100001011010101
11110111110100101100110000101111000000100011110101110011100101101010100111000101001000111100101111011000011100001111101001111101110100010110001111100001100101001001100000010011000110100010000000011101011101001100001101111100000010001100100001110110100100000001010001010100111001011110000110001101011111111010001000111111010001010010110101101011111100101010110111011110011011101001100001111110110111111100001100000010110010100100001101001011100010010001111000001110100001110100100010101110000001110100001011010101
