11110110110100111100010001111010000001100111110110100011100000101011110110000101111001111001100010001100001001111111111001111001110101010111101110110001100001001000110100001101011010110010000001000101011101001100001001101000010010001001110011110110100100000001010001000000111001001110010010011100011111111110001000011011010010010111100101101011111000101010110011011110011011101001000001011101110111111100001100000010010010100100000111001011100010010001100010001110110101110100100010100110000000110100001010010101
11100110110100111100010001111010010001100110110110100011100000101011110110000001111001111001100010001000001001111111111001111001100101000111111110110001100001001000110100001101011010110010000001000001011101011100001001101000010010001001110011110110100100000001010001000000111001001110010010011100011111111110001000011011010010010111100101101011111000101010110011011110011011101001000001011101110111111100001100000010010010100100000111001011100010010001100010001110110101110100100010100110000000110100001010010101
11110110110100111100010001111010000000100110110110100011100000101011100110000000111001111000100010001100001001111111111001111001100101010011101110100001100001001000110000001100011010110010000001000101011101011100001001101000010010001001110011110110100100000001010001000000111001001110010010011100011111111110001000011011010010010111100101101011111000101010110011011110011011101001000001011101110111111100001100000010010010100100000111001011100010010001100010001110110101110100100010100110000000110100001010010101
10100010100001101001010000111010010101100010100011100011100000111011110110000101101001101001110010011100001001111110111001111001110101000110101011110001100001001000110100001101011010110110000101010001011101011100001001101000010010001001100010110110100100000001010001000001111001001110010010011101011111111010001000011011010010010111100101101011111000101110110011011110011011101001000001011101110111111100001100000010010010100100000111001011100010010001100010001110100101110100100010100110000000110100001010010101
10100010100001101001010100111010010101100010110011100011100000111011110110000101101001101001110010011100001001111110111001111001110101000110101011110001110001001100110100011101011010110010000101010001011101011100001001101000010010001001100010110110100100000001010001000001111001001110010010011101011111111010001000011011010010010111100101101011111000101110110011011110011011101001000001011101110111111100001100000010010010100100000111001011100010010001100010001110100101110100100010100110000000110100001010010101
10100010100001101001010000111011010101100010100011100011100000111011110110010101111001101001110010011100001001111111111001111001110101010110101011110001100001001100110100011101011010110010000101010001001101001100001001101000010010001001100010110110100100000001010001000000111001001110010010011101011111101010001000011011010010010111100101101011111000101010110011011110011011101001000001011101110111111100001100000010010010100100000111001011100010010001100010001110100101110100100010100110000000110100001010010101
11110110110100111100010001111010010001100110110110100111100100110011110010000101011001111001100010001000001000101111111000111001110000010010101111110000100001001100100100011100001011110011000001010001001101001100001001101000010110001001110001110110100100000001010001000000111001011110010010011101011111101110001000011010010010010111100101101011111000101010110011011110011011101000000001011101110111111100001100000010110010100100000111001011100000010001100010001110100101110100100010101110000000110100001010110101
11110110110100111100010001111010010001100111110010100111100100100011100010000101011001101001100010001001001101111111111001111001110000010110101111110000100001001100100000011000001111100011000001010001001101001100001001101000010010001000110001110110100100000001010001000000111001011110010010011101011111101110001000011010010010010111100101101011111000101010110011011110011011101000000001011101110111111100001100000010110010100100000111001011100000010001100010001110100101110100100010101110000000110100001010110101
11110111110000111100010001111010000000100111110110100111100100100011100010000101011001111001100010001000001000101111111001111001110100010010111111110000100001001100100000011100011111110011000001010001001101001100001001101000010010001000110001110110100100000001010001000000111001001110010010011101011111101110001000011010010011010111100101101011111000101010110011011110011011101000000001011101110111111100001100000010110010100100000111001011100000010001100010001110100101110100100010101110000000110100001010110101
10100011100001111001010100111011010001100110110011100011100000110011110110000101011101101001110010001100001001101010111001111001110101010110101111110101110001001100110000011101011011100011000001010001001101001100001001101000010010001001100001110110100100000001010001000000111001001110010010011101011111101010001000011011010011010111100101101010111001101010110011011110011011101000000001011101110111111100001100000010110010100100000111001011100000010001100010001110100101110100100010101110000000110100001010110101
10100010100001111001010101111011010001100110110011100011100000110011110110000101011101101001110010001100001001101011111001111001110101010110101111110101110001001100110000011101011011110011000001010001001101001100001001101000010010001001110001110110100100000001010001000000111001001110010010011101011111101010001000011011010011010111100101101010111001101010110011011110011011101000000001011101110111111100001100000010110010100100000111001011100000010001100010001110100101110100100010101110000000110100001010110101
10100011100101111001010100111011010001100110110011100011100000110011100110000101011101101001100010001100001001101010111101111001110101010110101111110001110001001100110100011101011011100011000001010001011101011100001001101000010010001001100001110110100100000001010001000000111001011110010010011101011111101010001000011011010010010111100101101011111000101010110010011110011111101000000001011101110111111100001100000010110010100100000111001011100000010001100010001110100101110100100010101110000000110100001010110101
11110110110001101100010001111110000000100111110110100011100100111011100111000001011001101000100010011100001100111011111100101001110100010110111110110001100001001000110100000100011011100110000001010000001101011100011001101000010110001001100001110010100100000001010001000001111001001110010010011101011111111010001000011010010000010110100101101011111000101110110011011110011111101000000001011101110011111100001100000010110010100100000111001011100010011001100010001110100101110100100010101110000000110100001010110101
11110110110100101000010101101010010001100111110010100011100100111011100111000001011001101001100010011100001001111011111100111001110100010110101110110001100101001100100100000000011011100110000001010000001101011100011001101000010110001001100001110110100100000001010001000001111000011110010010011101011111111110001000011010010000010111100101101011111000101010110010011110011111101001000001011101110011111100001100000010110010100100000111001011100010011001100010001110100101110100100010101110000000110100001010110101
11110110110000101100010001111110000000100111110110100011100100101011100111000001011001101000100010011100001000111011111100111001110100010110111110110000100101001100110100000100011011100010000001010000001001001100011001101000010110001001100001110010100100000001010001000001111001011110010010011101011111111010001000011011010000010111100101101011111000101110110011011110011111101000000001011100110011111100001100000010110010100100000111001011100010011001100010001110100101110100100010101110000000110100001010110101
10100011100100111001010001101011010001100111110011100010100000111011100110010101011100101000100010001100001001101011111101101001110101010110101111110101110001001100110100000101011011110011000001010000001101011100011001101000010010001000100001110110100100000001010001000001111001001110010010011101011111101010001000011011010000010111100101101011111000101011110010011110011111101001000001011101110011111100001100000010110010100100000111001011100010011001100010001110110101110100100010101110000000110100001010110101
10100011100100111001010001101011010001100111110011100011100000111011110110010101011100101000100010001100001001101011111101101000100100010110101111110101110001001100110100000101011011110011000001010000001101011100011001101000010010001001100001110110100100000001010001000001111001001110010010011101011111101010001000011011010000010111100101101011111000101011110010011110011111101001000001011101110011111100001100000010110010100100000111001011100010011001100010001110100101110100100010101110000000110100001010110101
10100011100100111001010101101011010001100111110011100010100000111011110110010101011100101001100010001100001101101011111001101001110101010110101011110101110101001100110100010101011011110011010001010000001101011100011001101000010010001001100001110110100100000001010001000001111001001110010010011101011111101010001000011011010001010111100101101011111000101010110010011110011111101001000001011101110011111100001100000010110010100100000011001011100010011001100010001110110001110100100010101110000000110100001010110101
11110110110100111100010001111000010000100111110110100011100100101011110110000100011001101000100010001000001000101110111101111001110100000110101011110001110000011100100100010100011001100110010001010101001100011101011001101000010110001001110001110110100100000001010001000000111001001110010010011101011111001010001000011011010010010011100101101011111000101010110011011110011111101001000001011100110111111100001100000010110010100100000001001011100010010001100010000110100101110100100010101110000000110100001010110101
10110110110100111100010101111000010000100111110110100011100100101011110010000100011000101000100010011100011001111110111001111001110100000110101011110001100001011100100100010100011001100111010001010001001101011101011001101000010110001001110001110110100100000001010001000000111001001110010010011101011111001010001001011011010010010011100101101011111000101011110011011110011111101001000001011100110011111100001100000010110010100100000001001011100010010001100010000110100101110100100010101110000000110100001010110101
11110111110100111100010001111000010000100111110110100011100100101011110110000100011001111000100010001001001001101110111101111001110101000110111111110001100000011101100100010100011001110111010001010001001100011101001001101000010110001001110001110110100100000001010001000000111001001110010010011101011111001010001000011011010010010011110101101011111000101011110011011110011111101000000001011100110111111100001100000010110010100100000001001011100010010001100010000110100101110100100010101110000000110100001010110101
10100011100100111001010101101001010001100111100011100010100000111011110110010101011000101000100010011100001100101011111101101001100100010110101111110101110000001100110100010001011001100010000001010001001101011100011001101000010110001001110001110110100100000001010001000100111001011110010010011101011111001110001000011010010011010111100101101011111000101010110010011110011111101001000001011101110111111100001100000010110010100100000001001011100010010001100010000110110101110100100010101110000000110100001010110101
10100011100100111001010101101001010001100111100011100010100000111011110110010101011000101000100010011100001101101011111101101001100100010110101111110101110000001100110100010001011001100010010001010001001101011100011001101000010010001001110001110110100100000001010001000100111001011110010010011101001111001110001001011010010011010111100101101011111000101010110010011110011111101001000001011101110111111100001100000010110010100100000001001011100010010001100010000110110101110100100010101110000000110100001010110101
10100011100000111001010101101001010001100111100011100010100000111011110110010101011000101000100010011100001100101010111101101001100100010110101111110101110000001100110100010000011001100010000001010001001101011100011001101000010110001001110001110110100100000001010001000000111001001110010010011101011111001110001000011011010011010111100101101010111000101011110011011110011111101000000001011101110111111100001100000010110010100100000101001011100010010001100010000110110101110100100010101110000000110100001010110101
11110111110000111100110001111000010001100111110110100011100100101010100111000001111000101000100010011100001001111110101101111001100001010010101110110001110000011100100100011100011001110011110001010001001101011100001001101000010110001001100001110110100100000001010000000001111001001110010010011101011111001110001000011011010001010111100101101011111000101011110011011110011111101000000001011101110111110100001100000010110010100100000101001011100010010001100010000110100101110100100010100110000000110100001010110101
10110111110100111100110001111000010001100111110110100011100100101010100111000001111000101000100010001100011000111110101001101001100001010010101110110001100001011100100100011101011001110010110001010001001101011100001001111000000110001001100001110110100100000001010000000001111001001110010010011101011111001110001000011011010001010111100101101011111000101011110011011110011111101001000001011101110111110100001100000010110010100100000101001011100010010001100010000110100101110100100010100110000000110100001010110101
11110111110000111100110001111001000000100111110110100011100100101011100110000001111000101000100010001100001000101110101101111001100001010010101110110000100000011101100000011000011001110010110001010001001100001100001001111000000110001000100001110110100100000001010001000001111001001110010010011101011111001110001000011011010001010111100101101011111000101011110011011110011111101000000001011101110111110100001100000010110010100100000101001011100010010001100010000110100101110100100010100110000000110100001010110101
10100011100000111001110101101000010001100111100010100010100000111011100110010001111100101000100010011100011000101110111101111000100001010010101111100101110000001001110100011100011001100011110001000001001101011100011001101000010110001000110001110110100100000001010001000000111001001110010010011101011111001010001000011010010001010111100101101011111000111010110011011110011111101001000001011101110111110100001100000010110010100100000101001011100010010001100010000110100101110100100010100110000000110100001010110101
10100011100000111001110101101000010001100111100010100010100000111011100110010001111100101000100010011100011000101110111101111000100001010010101111100101110000001101110100011101011001100010110001000001001101011100001001101000010110001001100001110110100100000001010001000000111001001110010010011101011111001010001000011010010001010111100101101011111000111010110011011110011111101001000001011101110111110100001100000010110010100100000101001011100010010001100010000110100101110100100010100110000000110100001010110101
10100011100000111001110001101000010001100111100010100010100000111011100110010001111100101000100010011100011000101110111101111000100001010110101111100101110000001100110100001100011001100011110001000001001101011100011001101000010110001000110001110110100100000001010001000000111000001110010010011101011111001010001000011010010001010111100101101011111000111010110011011110011111101001000001011101110111110100001100000010110010100000000101001011100010010001100010000110110101110100100010100110000000110100001010110101
11110111110100111100110001111111010000000111110111110011100100101111110011000101111000101001100110011100001001101110111101101000110001000010101110110001110001001100100100011100011000100011100101010001001101001100001001101000010010001000110001110110100100000001010001000000111001001110010010011101011111101010001000011010010101010011100101101011111000101010110010011110011011101000000001011101110111110100001100000010110010100100000111001011100000010001100010000110100101110100100000101110000000110100001010110101
11110110110100111100110001111011010001000111110111100011100100101111110011000001111000101001100110011100001001101010111001101001100001000110101110110001100001001100100100011100011001100011100101000001001101001100001001101000010010001001110001110110100100000001010001000000111001001110010010011101011111101010001000011010010101010011100101101011111000101010110010011110011011101000000001011101110111110100001100000010110010100100000111001011100000010001100010000110100101110100100000101110000000110100001010110101
11110111110101111100110001111111000000000111110111100011100100101111110011000101101001101000100110011100001000101110111001101001110001000010101110110001110001001100100100011100011000110011100101010000001101001100001001101000010110001001110001110110100100000001010001000000111001001110010010011101011111101010001000011010010101010011100101101011111000101010110010011110011011101000000001011101110111110100001100000010110010100100000111001011100000010001100010000110100101110100100000101110000000110100001010110101
10100011100000111000110101101010010001000111100111110110100100111011110111010001111100101000100111011101001100111110111101101000100001010110101110110101110001001100110100011100011001100011100101010001001100001100001001101000010010001001110001110110100100000001010001000000111001011110010010011101011111101010001000011010010001010010100101101011111000101010110011011110011011101000000001011100110111110100001100000010110010100100000111001011100000010001100010000110100101110100100000101110000000110100001010110101
10100011100000111001110101101010010001000111110111110110100100111011110111010001111100101000100011011001001100101110111101101000100001010110101111110101110001001100110100011100011001100011100101000001001101011100011001101000010010001001110001110110100100000001010001000100111001011110010010011101011111101010001000011010010001010011100101101011111000101010110011011110011011101000000001011100110111110100001100000010110010100100000111001011100000010001100010000110100101110100100000101110000000110100001010110101
10100011100000111001110101101010010001000111100011110010100100111011110111010001111100101000100011011101001100101110111101101000100001010110101110110101110000001100110100011100011001110011100101000001001100001100001001101000010010001001110001110110100100000001010001000100111001001110010010011101011111101010001000011011010001010010100101101011111000101010110011011110011111101001000001001100110111110100001100000010110010100100000111001011100000010001100010000110100101110100100000101110000000110100001010110101
11110111110100111100110001111110010000000110110110100011100100101011110111000101101001101000100010011100001100101110101101101001100001010010101111100001110001001100100100011101011001110011100001010001001100001101011001101000010010001000110101110110100100000001010000000100101001001110010010011101011111111010001000011011010000010011100101101011111000101011110011011110011011101000000001011101110111110100001100000010110010100100000101001011100000010001100010000110100101110100100010101110000000110100001010100101
11110111110100111100110001111111010000000110110110100011100100101011110111000101101001101000100010011100001000101111101101101001100001010010101111110001100001011100100100011101011001110011100001010001001100001101001001101000010010001000110101110110100100000001010000000100111001001110010010011101011111111010001000011010010000010011100101101011111000101011110011011110001011101000000001011101110111110100001100000010110010100100000101001011100000010001100010000110100101110100100010101110000000110100001010100101
11110111110100111100110001111111010000000110110110100011100100101011110110000101101001111000100010011000001000101110101101101001110000010010101111100001100001011100100100011100011000110011100001010001001100001101001001101000010010001000110101110110100100000001010001000100111001001110010010011101011111111010001000011011010001010011100101101011111000101011110011011110011111101000000001011101110111110100001100000010110010100100000101001011100000010001100010000110100101110100100010101110000000110100001010100101
10100010100101111001110101101010010101000011100010110110100100111011110111010001111000101101100011001001001100111110101101111000100001010010101110110101100001001100110100011100011001110011110101000001011101001101001001101000010110001000110101110110100100000001010001000100111001011110010010011101011111111010001000011011010001010011100101101011111000101010110011011110001011101001000001001101110111110100001100000010110010100101000101001011100000010001100010000110100101110100100010101110000000110100001010100101
10100010100101111001110101111010010101000110100010110110100100111011110111010001111100101101100011001001001100111110101101111000100001010010101111110101100001001100110100011100011001110011110101000001011101001100001001101000010110001001110101110110100100000001010001000100111001011110010010011101011111111010001000011010010001010010100101101011111000101010110011011110001011101001000001001101110111110100001100000010110010100101000101001011100000010001100010000110100101110100100010101110000000110100001010100101
10100010100101111001110101101010010001000010100010110110100100111011110111010001111100101101100011001001001100101110101101111000100001010010101110110101100001001100110100011100011001110011110101000001001101001100001001101000010010001000110001110110100100000001010001000100111001011110010010011101011111101010001000011010010001010010100101111011111000101010110011011110001011101001000001001101110111110100001100000010110010100100000101001011100000010001100010000110100101110100100010101110000000110100001010100101
11110111110100111101110001111110010001100110100110110011100100101011100010000101101000100000100011011100001101111110101100101001100001010010111110110001100001001101110100001100011010110011100001010001001101001100011001101000010010001001110001110110100100000001010000000100111001001110010010011101011111101010001000011011010001010010000101101011111000101011110011011110011111101001000001001101110111110100001100000010110010100100000011001011100000010001100010000110100101110100100010101110000000110100001010110101
11110111110100111100110001111110010000100111100110110011100100101011100011000101101000100000100011011100001100111110101001101001100001010010111110110001100001001100110100011100011010110011100101000001001101001100011001101000010010001001110001110110100100000001010000000101111001001110010010011101011111101010001001011010010001010010000101101011111000101011110011011110001111101001000001001101110111110100001100000010110010100100000111001011100000010001100010000110100101110100100010101110000000110100001010110101
11110111110100111100110001111110010000100111110110100011100100101011100010000101111000100000100011011100001001111110101101101001100000010010111110110001100001001100110100011100011010110011100001010001011101001100011001101000010010001001110001110110100100000001010001000101111001001110010010011101011111101010001001011010000001010010010101101011111000101011110011011110011111101001000001001101110111110100001100000010110010100100000111001011100000010001100010000110100101110100100010101110000000110100001010110101
10100010100101111000110001101010010001100011100010110010100101111011110111010001101001100100100011011101001100101010101100111000100001010010101110100101110001001101110001011100011011110011100101000001001101001100001001101000010010001000110001110110100100000001010000000101111001001110010010011101011111101010001000011010010001010110010101101011111000101010110011011110001011101001000001011101110111110100001100000010110010100100000011001011100000010001100010000110100101110100100010101110000000110100001010110101
10100010100101111000110001101010010001100011100010110010100101111011110011010001101001100100100011011101001100101010101100111000100001010010101110110101110001001101110101011100011011110011100101000001011101001100001001101000010010001001110001110110100100000001010000000101111001001110010010011101011111101010001000011010010001010110000101101011111000101010110011011110001011101001000001011101110111110100001100000010110010100100000011001011100000010001100010000110100101110100100010101110000000110100001010110101
10100010100101111000110001101010010101100011100010110010100101111010110111010001101001100101100011011101001100111010101100111001100001010010101110100101110001001101110001011100011011110011100101000001001101001100001001101000010010001000110000110110100100000001010001000101111001001110010010011101011111101010001000011011010001010011000101101011111001101011110011011110001011101000000001011101110111110100001100000010110010100100000011001011100000010101100010000110100101110100100010101110000000110100001010110101
11110111110100111100110001111110000001100010110110100011100100101111110110000101101001101001100010001100001100101110101000111101110001010010101010110001100101001100110100010101001010110011110101000001001101001100001001101000010010001001110000110110100100000001010001000101111001001110010010011100011111101010001000111011010000010011000101101011111000101011110011011110011111101001000001011101110111110100001100000010110010100100000011001011100000010001100010000110100101110100100000101110000000110100001010110101
11110111110100111100110001111110000001100011110110100011100100101011110111000101101001111001100010011101001100111110101100111101110001010010101010110001110101001001110100000101001010110011110101000001001101001100001001101000010010001001110000110110100100000001010001000101111001001110010010011100011111101010001000111011010000010011000001101011111000101011110011011110001011101001000001011101110111110100001100000010110010100100000111001011100000010001100010000110100101110100100000101110000000110100001010110101
11110111110100111100110001111110000001100010110111100011100101101111110110000101101001111001100010001100001100101110101000111101110100010010101010110001100100001001110101010101001010110011110000000001011101001101001001101000010010001001110000110110100100000001010001000101111001011110010010011100011111101010001000111011010001010010000001101011111000101011110011011110011011101001000001011101110111110100001100000010110010100100000011001011100000010001100010000110100101110100100000101110000000110100001010110101
10100010100101101000110101101010010101100011110010110010100100111010110110010001111001101001100011011101001101111010101101111001100001010010101110100101110101001100110100010101001010110011100101000001001101001101001001101000010010001001110000110110100100000001010001000101111001001110010010011101011111101010001001111011010001010011000101101011111000101011110011011110001010101000000001011101110111110100001100000010110010100100000011001011100000010001100010000110100101110101100000101110000000110100001010110101
10100010100101101000110101101010010101100011110010110010100100111010110110010001111100101001100010011101001101111010101100111001100001010010101110100101110101001100110100010101001010110011100101000001001101001101001001101000010010001001110000110110100100000001010001000101111001001110010010011101011111101010001001111010010001010011000101101011111000101011110011011110001010101000000001011101110111110100001100000010110010100100000011001011100000010001100010000110100101110101100000101110000000110100001010110101
10100010100101101000110101101010010101100011110010110010100100111010110110010001111101101001100011011101001101111110101101111001100001010010101110100101110101001100110100010101001010110011100101000001001101001101001001101000010110001001110000110110100100000001010001000001111001001110010010011101011111101010001001111011010000010111000101101011111000101011110011011110001110101000000001011101110111110100001100000010110010100100000111001011100000010101100010000110100101110101100000101110000000110100001010110101
11110111110100111100110001111110010000100011100110100011100101101111100110000001101000101000100010011100001100111110111001111001100001010010101110110000110000001100110000010000001011100011100000000001001101001100011001101000010110001001110000110110100100000001010001000001111001011110010010011101011111101010001001011011010001010011100101101011111000101011110011011110011111101000000001011100110111110100001100000010110010100100001111001011100000010001100010001110100101110101100000101110000000110100001010110101
11110111110100111100110001111111010000100011100110100011100001101011100110000001101000101000100110011100001100111110111001111101100001010111101110110001110000001100110000010000011011100011100101000001001101001100011001101000010110001001110000110110100100000001010001000001111001001110010010011101011111101010001001011011010001010011100101101011111000101011110011011110011111101000000001011100110111110100001100000010110010100100001111001011100000010001100010001110100101110101100000101110000000110100001010110101
11110111110101111100110000111110010000100011100111100111100001101111100110000001101000101000100010011100001100101110111001111101100000010110111110110000100000001100110000000000001011100011100000000001011100001000011001101000010110001001110000110110100100000001010001000101111001011110010010011101011111101010001001011011010001010011100101101011111000101011110011011110011111101000000001011100110111110100001100000010110010100100001111001011100000010001100010001110100101110101100000101110000000110100001010110101
10100010100001111000110001101110010101100010100010100010100101101011110110000001111000101101110011011101001101111110101001111001100001010110101110100101110001001101110100010000001010110011100101000001001101001101011001101000010110001001110000110110100100000001010001000101111001001110010010011101011111101010001001011011010001010111100101101011111000101010110011011110001110101000000001011101110111110100001100000010110010100100001011001011100000010001100010001110100101110101100000101110000000110100001010110101
10100010100001111000100101101110010101100010100010100010100101101010110110000001111000101101110011011101001100111110101001111001100001010110101110100101110001001100110100010000001010110011100101000001001101001100011001101000010110001001110000110110100100000001010001000101111001001110010010011101011111111010001001011011010001010111100101101011111000101010110011011110001110101000000001011101110111110100001100000010110010100100001011001011100000010001100010001110100101110101100000101110000000110100001010110101
10100010100001111000100101101110010101100010100010100010100101101011110010010001111000111001110011011101001101111110101001111001100001000110101110100101110001001101110000010100001011110011100101000001001101001101011001101000010110001001110000110110100100000001010001000101111001001110010010011101011111101010001000011010010001010111100101101011111000101010110011011110001111101001000001011101110111110100001100000010110010100100001011001011100000010001100010001110100101110101100000101110000000110100001010110101
11110110110100111100110001111010010000100011110110110011110101101111110110000101101000111000100111011100011100111110101001111001100101010010101110110001100000001100100100000101001010110011110101000000001101011101011001101000010010001000110000110010100100000001010001000001111001011110010010011101011111101110001000111011010001010011000101101011111000101010110011011110001111101000000001011101110111110100001100000010110010100100001101001011100000010001100010001110100101110101100000101110000000110100001010110101
11110110110100111100110001111010010001100011110010100110110101101111110110000101101100111000100111011100011100111110101001111001100101010011101110110001100000001101100100000100001011110011110101000001001101011101011001101000010010001000110000110010100100000001010001000101111000001110010110011101001111101110001000111011010001010011000101101011111000101010110011011110001111101000000001011101110111110100001100000010110010100100001101001011100000010001100010001110100101110101100000101110000000110100001010110101
11110110110100111100110001111010010000100011110110100011100100101111110110000101101001111000100111011100011100101010101000111101100101010010101110110001100000001000100000000000001010110011110101000001001101011101011001101000010110001000110000110010100100000001010001000101111001011110010010011101011111101110001000111011010001010011000101101011111000101010110011011110001111101000000001011101110111110100001100000010110010100100001101001011100000010001100010001110100101110101100000101110000000110100001010110101
10100010100001111001100001101110010101110011100010110010100001101011110110010001111100111001110011001101011101111110101001111001100101000010101110100101110001001100110100000100001110110011110101000001001101011101011001101000010110001001110000110110100100000001010001000001111001001110010110011101001111111110001000111010010001010011000101101011111000101010110011011110001111101000000001011101110111110100001100000010110010100100001101001011100000010001100010001110110101110101100000101110000000110100001010110101
10100010100001111000100001101110010101110011100010110010100001101011110110010001111100111001110011001101011101111110101001111001100101000010101110100101110001001100110100000100001110110011110101000001001101001101011001101000010110001001110000110110100100000001010001000001111001001110010110011101001111111110001000111011010001010011000101101011111000101010110011011110001111101000000001011101110111110100001100000010110010100100001101001011100000010001100010001110110101110101100000101110000000110100001010110101
10100010100001111000100001101110010101110011100010110010100001111011110110010001111000111001110010011101011101111110101001111001100001000010101110110101110001001100100100000100001110110011100101000001001101001101011001101000010110001001110000110110100100000001010001000001111001001110010010011101001111111010001000111011010001010011000101101011111000101010110010011110011110101001000001011101110111110100001100000010110010100100001001001011100000010001100010001110110101110101100000101110000000110100001010110101
11110111110100111100110001111010010000100011110110100011100101101011100110000101111000111000100010001100001100101110101001111001100101000110111110110001100000001100100000011101011111110011110101000001001101011101011001101000010010001001110000110110100100000001010000000001111000001110010010011101011111101110001000111011010001010111100101101011111000101011110010011110011111101000000001011101110111110100001100000010110010100100001001001011100000010001100010001110100101110101100000100110000000110100001010110101
11110111110100111100110001111010010000100011110110110010100101101011100110000101111000111000100010011001001100101110101001111001100101000110101111110001100000001100100000011101011111110011100101000001001001011101001001101100010010001001110000110110100100000001010001000001111000001110010010011101001111101110001000111011010001010111100101101011111000101011110011011110011011101000000001011101110111110100001100000010110010100100001001001011100000010001100010001110100101110101100000100110000000110100001010110101
11100111110100101100110000111010000000100011110110100011100101101011100110000101111000111000100010001000001000101110101001111001100101000110111110110001100100001100100000011101011011110011100101010001001000011101001001101100010110001001110001110110100100000001010000000001111000001110010010011101011111101110001000111011010001010111100101101011111000101011110010011110011111101000000001011101110111110100001100000010110010100100001001001011100000010001100010001110100101110101100000100110000000110100001010110101
10110010100001101001110001101010010101110011100010100011100101111011110110000001111100111001110010011001011101111111111001111001110101000110101010110101100001001100100100011100001011110011100101000001001101001101011001101000010110001001110001110110100100000001010001000101111001001110010010011101011111101110001000111011000001010011100101101011111000101010110010011110011111101000000001011101110111110100001100000010110010100100001101001011100000010001100010001110110101110101100000100110000000110100001010110101
10110010100001101001110001101010010101110011100010110011100101111011110110000001111100111001110010011101011101111111111001111001100101000110101010110101110001001100100100011100001011110011100101000001001101001101011001101000010110001001110001110110100100000001010001000101111001001110010010011101011111101110001000111011000001010111100101101011111000101010110010011110011111101000000001011101110111110100001100000010110010100100001101001011100000010001100010001110110101110101100000100110000000110100001010110101
10110010100001101000110001101110010101110010100010110011100001111011110110000001111100111001110010011101011101111111101001111001100101000110101010110101100001001100100100011100001011110011100101000001001101001101011001101000010110001001110001110110100100000001010001000101111001001110010010011101001111111010001001111011010001010111100101101011111000101010110010011110011111101000000001011100110011110100001100000010110010100100001101001011100000010001100010001110110101110101100000100110000000110100001010110101
11100110110100111100110000111110000001100111110110100011100001101011110110000101111000111000100010011000011000101110101001111001100001010110101111110101100000011100100000000100011110110011100101000101011101011101011001101000010010001001110001110110100100000001010001000101111001001110010110011101001111111010001000111011010001010110000101101011111000101110110011011110001111101000000001011100110111111100001100000010110010100100001111001011100000010001100010000110100101110101100000100110000000110100001010100101
11100110110100111100110000111010000001100111110010100010100001101011110110000101101100111000110010011000011001101110101001111001100001010110101111110001100000001101100000010100011110110011100101000101011101011101011001101000010010001001110001110110100100000001010001000101111001001110010110011101001111111010001000111011010001010110010101101011111000101110110011011110001111101000000001011101110111111100001100000010110010100100001111001011100000010001100010000110100101110101100000100110000000110100001010100101
11100111110100101100110000111111000000100111110110100011100000101011110110000101111000111000100010011000011000101110101001111001100001010110101111110000100000011100100000000101011010110011100101000101011101011101011001101100010110001001110001110110100100000001010001000101111001001110010010011101001111111010001000111011010001010110000101101011111000101110110011011110001111101000000001011101110111111100001100000010110010100100001111001011100000010001100010000110100101110101100000100110000000110100001010100101
10100010100001101001100001101010010101110010100010110011110001101010110110000101101000101000110010011101011101111110111001101000100001000110101011110101110001011100100100010101011111110011100101000101001101011100011001101000010010001001110001110110100100000001010001000101111001001110010010011101011111111010001000111011010001010111000101101011111000101010110010011110011111101000000001011100110011111100001100000010110010100100001111001011100000010001100010000110100101110101100000100110000000110100001010100101
10100010100001101001100001101010010101110010100010110011110001101010110110000101101000111000110010011101011101111110111001101000100001000110101011110101100001011100100100010101011011100011100101000101001101011100011001101000010010001001110001110110100100000001010001000101111001001110010010011101011111111010001000111011010001010111000101101011111000101010110010011110011111101000000001011100110011111100001100000010110010100100001111001011100000010001100010000110100101110101100000100110000000110100001010100101
10100010100001101001100001101010010101110010100010110011110001101010110110000101101100101000110010011101011101111110111001101000100001000110101011110101110001011100110100010101011111110011100101000101001101011100011001101000010010001001110001110110100100000001010001000101111001001110010010011101011111101010001000111011010001010111000101101011111000101011110010011110001111101000000001011101110111111100001100000010110010100100001111001011100000010001100010000110100101110101100000100110000000110100001010100101
10100110110100101100110001111110000000100111110110100011100000101011110110000101111001111000100010001000011000101111101001111001100001010111101110110101100101001000100100010101001010110011100000010001001101011101001001101000010110001001110000110110100100000001010001010001111001001110010010011100011111111010001000011011010001010111100101101011111000101011110011011110001011101000000001011101110111111100001100000010110010100100001101001011100000010001100010001110100101110101100000100110000000110100001010110101
10100110110100101100110000111011010000100111110110100011100000101011110110000001111001111000100010001000011000101111101001111001100001010111101110110101100101001000100100010101001010110111100001000001001101011100001001101000010110001001110001110110100100000001010001010001111001001110010010011100011111111010001000011011010001010111100101101011111000101011110011011110001011101000000001011101110111111100001100000010110010100100001101001011100000010001100010001110100101110101100000100110000000110100001010110101
10100110110100111100110000111111000000100111110110100011100000101011110110000101111001111000100010001000011000101110101001111001100001010111101111110101100100001001100000010101001010110011100000000001001100011101011001101100010110001001110000110110100100000001010001010001111001001110010010011100011111101010001000011011010000010111100101101011111000101011110011011110001011101000000001011101110111111100001100000010110010100100001101001011100000010001100010001110100101110101100000100110000000110100001010110101
10100011100001101001100000101010010101110110100010100010110001111011110110000101101000101000110010001100011101101111111101111000100001000111101011110101100101001101110100010101001011110011100101010001001101001100001001101000010110001001110001110110100100000001010001000101111001001110010010011101011111101010001000011011010001010111100101101011111000101011110011011110001110101000000001011100110111111100001100000010110010100100001101001011100000010001100010001110100101110101100000100110000000110100001010110101
10100011100001101001110000101010010101110110100010100010110001111011110110000101101000101000110010001100011101101111111101111000100001000111101011110101100101001101100100010101001011110011100101010001001001001100001001101000010110001001110001110110100100000001010001000101111001001110010010011101011111101010001000011011010001010111100101101011111000101011110011011110001110101000000001011100110111111100001100000010110010100100001101001011100000010001100010001110100101110101100000100110000000110100001010110101
10100011100001101001100000101010010101110110100010100010110001111011110110000101111100101000110010001100001101101111111101101000100001010110101011110101100101001100100100010101011011110011100101010001001101001100001001101000010110001001110001110110100100000001010001000101111001001110010010011101011111101010001000011011010000010111100001101011111000101011110011011110001111101000000001011101110111111100001100000010110010100100001101001011100000010001100010001110100101110101100000100110000000110100001010110101
10100110110100111100110100111010010001100110110110110011100001101011110110000101111101101000100011001000001001001111111001111001100001010010101011100100100100011100110100010011011010110011100101010101001101011101011001101000010110001001110000110110100100000001010001000001111000001110010010011100011111101010001000011011010001010011100001101011111000101010110011011110011111101000000001010101110111111100001100000010110010100100001101001011100000010001100010000110100101110101100000101110000000110100001010110101
10110110110100111100110001111010000000100110110010100011100001101011110110000101111101101000100011001000001001001111101001111001100001010010101011110100100100011100110100010011011010110111110101010101001101011100011001101000010110001000110000110110100100000001010001000001111000001110010010011101011111101010001000011011010001010011110001101011111000101010110011011110011111101000000001010101110111111100001100000010110010100100001101001011100000010001100010000110100101110101100000101110000000110100001010110101
10100110110100111100110000111010000000100011110111100011100000101011110110000101111101111000100011001000011001001111101001111101100001010010101111100100100100011100110100010011011110110011100101010101001101001101001001101000010010001001110000110110100100000001010001000101111000001110010010011100011111111010001000011111010001010011110001101011111000101010110011011110011011101000000001010100110111111100001100000010110010100100001101001011100000010001100010000110100101110101100000101110000000110100001010110101
10100011100001101001110000101010010001110110110011100010100001111010110110000101101100101001100010001100011001001111111101101000100101010110101011110101100001011100110100010011011011110011100101000101001100001100001001101000010110001000110000110110100100000001010001000101111001001110010010011101011111101010001000011011010000010111100101101011111000101011110010011110011111101000000001010101110111111100001100000010110010100100001101001011100000010001100010000110100101100101100000101110000000110100001010110101
10100011100001101001110101101010010001110110100011100010100001111010110110000101101100101001100010001100011001001111111101101000100101010110101011110101100101011100110100010011011011110011100101000101001101001100011001101000010110001000110001110110100100000001010001000101111001001110010010011101011111101010001000011011010000010111100101101011111000101011110011011110011111101000000001010101110111111100001100000010110010100100001101001011100000010101100010000110100101100101100000101110000000110100001010110101
10110011100000101001110001101010010001110110110010100010100001111010110110000101101100101001100010001100011101001110111101101000100101010110101011110101100001011100110100010111011011110011100101000101001100001100001001101000010110001001110001110110100100000001010001000101111001001110010010011100011111101010001000011011010001010011100101101011111000101011110011011110011011101001000001010100110111111100001100000010110010100100001101001011100000010001100010000110100101100101100000101110000000110100001010110101
10110110110100101100110000101110000001100110110110100011100000101011110110000101111100101000101010011001001101001110111001111001100101010010101110110101100000011100110000010011001011110011100001010001001101011100011001101000010110001001110001110110100100000001010000000101111001011110010010011100011111101010001000011011010001010011100101101011111000101110110011011110011111101001000001010100110111111100001100000010110010100100001101001011100000010001100010001110100101110101100000100110000000110100001010110101
11110110110100101000110000101011000001100110110110100110100000101011100110000001111100101000111011011001001100001110111101111001100101010010101110100101100001011100110100010011001011110111110001000001001101011100001001101000010110001001110000110110100100000001010000000101111001011110010010011100011111101010001000011011010001010011100101101011111000101110110011011110011011101001000001010100110111111100001100000010110010100100001101001011100000010001100010001110100101110101100000100110000000110100001010110101
11110110110100111100110000101110000001100111110110110011100000101011100110000101111101101000101011011001001101001110111000111001100101010010101110110100100100001100110000000011001011110011100000010001001101001100001001101000010110001001110001110110100100000001010000000101111001011110010010011100011111101010001000011011010001010011100101101011111000101111110010011110011111101001000001010100110111111100001100000010110010100100001101001011100000010001100010001110100101110101100000100110000000110100001010110101
10110011100000101001110001101011010001110110100010100010110001101011110110010001101100101001101010011101001101001111111101101000100101010110101111110101110101011100110100010011001011110011110101010000001101001100011001101000010110001001110001110110100100000001010000000100111001001110010010011101011111101010001000011011010001010011100101101011111000101011110011011110011111101001000001010101110111111100001100000010110010100100001101001011100000010101100010001110100101110100100000100110000000110100001010110101
10110011100000101001110001101011010001110110100010100010110001111011110110000001101100101001101010011101001101001111111101101000100101010110101111110101110101011100110100010011001011110011110101010000001101001100011001101000010110001001110001110110100100000001010001000100111001001110010010011101011111101010001000011011010001010011100101101011111000101011110011011110011111101001000001010101110111111100001100000010110010100100001101001011100000010101100010001110100101110100100000100110000000110100001010110101
10110011100000101001110001101011010001110110110010100010110001111011110110010001101100101000101010011001001001001110111101101000100101010110101011110101110101011100110100010011001011110011110101010000001101001100011001101000010110001001110001110110100100000001010001000100111001001110010010011101011111101010001000011011010001010011100101101011111000101011110010011110011111101001000001010101110111111100001100000010110010100100001101001011100000010101100010001110100101110100100000100110000000110100001010110101
