10101110010011110111111101111111000011110011111110010111011111110101111000111001100011011110111011110111110101000010000001000111100110000011011011100001011011111110111100000010011111101101100110001101011111010101110000100101111000100110110011110100000000001010011000011101111110110000010110010001001010010101010011010000010011100111111010100000010001110110001011100111000100100111100010100101111100110000110101011010100011100111101110101111010001100001000001001001111011100000101011001101110010110101001000001100
10100110110011111111111101010111000011110011111110010010011111110101111010111011100010011110111001110111111101000010000001010111100110000011011011100000011011111110111100000110011111101101100110000101111111110101110000100001111000101111110011111100000000001000011000011111111110110001110110110001001010000101000011010000010011100111110010100000110001100110001011100110001110100111100010100101111000100000110101011010110011111011111111101111000101100000010001001001111111100001101011001111110010011101001000001000
10101110100011110111111101011111000011110011111110010111011111110101111010111001100011011110111011110111111101000010000001010111100110000011111011100000011011111110111100000010011111101100100110001101011111110101101000100001111000101110110011111100000000001000011000111111111110110001110110110001001010000001000011010000010011100111110010100000110101100110001011100111001110100111100010100100111100110000110101011010110011111011111110101111000001100000010001001001111111100000101011001111110010111101001000001100
00101110110011110111111101010111000011110011111110010110010111110101111010111001100010011110111001110111111101000010000001010111100110000011111001100000011011111110101100000010011011101100100110000101011111110101110000100001111000101110110011110100000000001000011000011111111110110001010110110001001010010001010011010000010011100111111010100000110001100110001011100101001110100111100010100100111100110000110101011010100011110011111111101111000001100001010001001001111111100000101011001111110010111101001000001100
10101110100011110111111101011111000011110011111110010010011111110101111010111001100010001110111111110111111101100010000001010111100111000011011011100000011011111110111100000110011011101101100010000101011111110101110000100001111000111110110011110100000000001100011000111111111110110001010110111001001010000101000011010000010011100111110010101000010101100110001011110111001110100111100010100100111100110000110001011010100011110011111110101111000001100001010001001001111111100001101011001111110011111101001100001000
10101110010011110111111101011111000011110011111110010111011111110101111010111001100010011110111001110111111101000010000001010111100110000011011011100000011011111110111100000010011011101101100110000101011111110101110000100001111000101110110011111000000000001010011000011101111110110001010110010001001010010001000011010000010011100111111010100000110001100110001011100111001100100111100010100100111100110000110101011010100011110111111110101111000001100001010001001001111111100001101011001111110010111101001000001000
10101110110011110111111101011111000011110011111110010111011101110101111010111000100010001110111111110111111101100010000001010111100110000011111011100000011011111110101100000010011011101100100110001101011111110101110000100001111000100111110011111100000000001010011000111101111110110000010110110001001000100101010011010000010011100111110010100000110001100110001011100111001110101111100010100101111000110000110001011010110011111011111110101111000001101000010001001001111111100001101011001111110010111101001000001000
10101110010011110111111101111111000011110011111110010010011111110101111010111011100010011110111111110111111101100010000001010111100111000011011011100000111011111100101100000110011111101101100111000101011111110001110000100001111000101111110011110100000000001000011000011111111110110000110110110001001010001101000011010000010011100111110010100000110001000100001011100111001100100111100010100101111000010000110101011010100011110011111111101111000011100010010001001101111111100001101011001111110011111101001000001100
00101110110011110111111101011111000011110011111110010010011111110101111010111001100010011110111001110111111101100010000001010111100110000011001001100000111011111110101100000010011111101101100110000101011111111101110000100001111000101110110011110100000000001000011000001111111110110001010110010001001010010101010010010000010011100111111010100000110001100110001011100111001110101111100010100100111100110000110101011010100011110011111111101111000001100000010001001001111111100000101011001111110010111101001000001100
10101110010011110111111101011111000011110011111110010010011111110101111010111011100010011110111101110111111101100010000001010111100111000011011011100000111011111110111100000110011011101101100111000101011111110101110000110000111000101110110011110100000000001000011000111111111110110001010110110001001010000101000010010000010011100111111010100000010101000110001011110111001100101111100010100101111000110000110001011010100011110011111111101111000001100000010001001001111111100001101011001111110011111101001100001000
